1103.4800389190968 1339.2887835527667 711.4254678555847 461.8073044335745 814.5959610809032 415.71121644723326 1206.6505321444154 1293.1926955664255 Screw 0
895.2379006928206 48.1753415131098 1514.0784310205588 799.7997155409107 1426.8420993071793 871.6246584868902 808.0015689794411 120.0002844590893 Screw 0
1614.9874287097714 746.7301247948749 899.3160981511987 674.7299909580402 911.0325712902286 558.2698752051251 1626.7039018488013 630.2700090419598 Screw 0
287.5943547492727 984.4499931109109 999.4182539046296 1056.450163438934 987.9176452507272 1170.1500068890891 276.0937460953703 1098.149836561066 Screw 0
1354.8679751677441 1213.4041032752386 966.2507459766565 763.4044952089187 1048.012024832256 692.7958967247614 1436.6292540233435 1142.7955047910814 Screw 0
133.84134205844782 437.5430992156749 718.6905308197523 311.5429951314158 741.5086579415522 417.4569007843251 156.6594691802477 543.4570048685841 Screw 0
544.620027992265 241.34126557891923 779.3296649675367 212.5411403893264 796.301972007735 350.85873442108084 561.5923350324633 379.65885961067363 Screw 0
553.0393592234535 1136.8135857573993 776.2058618817313 1072.0136201148707 814.8166407765465 1204.9864142426009 591.6501381182687 1269.7863798851295 Screw 0
392.6444857876387 626.3085421168945 519.6183491541627 903.5085035721214 428.83751421236127 945.0914578831056 301.86365084583724 667.8914964278787 Screw 0
1039.3170782492405 991.7777436823777 900.7999951240831 725.3775085426574 994.1829217507594 676.8222563176222 1132.7000048759166 943.2224914573425 Screw 0
721.3510235490816 673.2042832837087 490.4891959302696 871.2041725475715 427.18697645091845 797.3957167162912 658.0488040697304 599.3958274524284 Screw 0
805.6526639159433 544.0511335318812 755.6326443343053 828.4508924383412 658.3953360840567 811.3488664681189 708.4153556656947 526.9491075616589 Screw 0
478.80586179327594 659.695280167677 678.8863344640696 544.4951496085852 712.0561382067241 602.104719832323 511.97566553593043 717.3048503914148 Screw 0
830.1646532581198 630.011913451561 949.4430686439563 831.6116224593961 891.6793467418803 865.788086548439 772.4009313560438 664.1883775406038 Screw 0
