914.9634547030594 907.3358670903721 1062.6302694854926 1087.0891110444397 961.4065452969405 1170.244132909628 813.7397305145073 990.4908889555603 Screw 0
540.7855954183901 1087.422570223707 800.5386028439143 1243.5279507760622 748.5124045816099 1330.097429776293 488.75939715608575 1173.9920492239378 Screw 0
783.0944397013733 718.731511487205 761.3706563894838 583.285557071364 807.7775602986268 575.8424885127951 829.5013436105163 711.2884429286361 Screw 0
236.7128707495253 1361.0103758825371 644.4847994850602 491.0782913292073 744.9911292504746 538.1896241174629 337.21920051493976 1408.1217086707927 Screw 0
487.6555651266893 421.54140339599695 476.2925082938198 345.4113485754927 542.5584348733107 335.52059660400306 553.9214917061802 411.6506514245073 Screw 0
1159.2896421593596 458.76002662648085 884.6627634998126 566.4868919745197 848.5103578406404 474.32397337351915 1123.1372365001873 366.59710802548034 Screw 0
303.7674975257134 659.1392691127231 65.20955872027743 1194.8386576590437 -34.363497525713385 1150.496730887277 204.19444127972258 614.7973423409561 Screw 0
945.3081355509212 1229.0864441976732 836.4037262041079 1310.107199525069 807.1558644490788 1270.7935558023269 916.060273795892 1189.772800474931 Screw 0
659.0747951972132 306.33573236861855 836.1470580112805 451.15909463419325 791.1972048027867 506.1182676313814 614.1249419887195 361.2949053658067 Screw 0
1286.7049315365057 1312.870465438788 812.1367913384589 783.8340108262846 893.2750684634944 711.0495345612121 1367.8432086615412 1240.0859891737155 Screw 0
302.3998364570919 877.0268892684803 260.6783451979035 928.7909617924759 210.07016354290812 888.0011107315197 251.79165480209645 836.2370382075242 Screw 0
