511.16068592664107 568.2822145291044 570.7406818003765 345.5595820741029 708.8833140733591 382.51378547089564 649.3033181996236 605.2364179258972 Screw 0
1187.0434043452842 1130.8402649562408 1211.4483962010927 899.8921601176907 1353.6565956547156 914.9197350437594 1329.2516037989071 1145.8678398823095 Screw 0
318.67467193624043 460.96995536004374 407.49507473317567 1047.1256526419095 299.72532806375955 1063.4560446399562 210.90492526682425 477.30034735809045 Screw 0
1617.8270731546886 353.37670514553724 1018.5279320042464 431.17690437627425 1004.7529268453113 325.0672948544627 1604.0520679957535 247.26709562372574 Screw 0
802.2573954163499 955.4978676130324 878.9228471770318 840.8864160589642 917.9886045836502 867.0181323869676 841.3231528229683 981.6295839410359 Screw 0
758.5462089888107 655.8312686791244 894.8682527355742 685.9843295138971 883.8537910111894 735.7807313208757 747.5317472644259 705.6276704861029 Screw 0
520.3410405935871 951.4063631937195 539.3755322213186 877.486127215783 604.2589594064128 894.1936368062804 585.2244677786813 968.1138727842169 Screw 0
945.824786900582 1362.6699856889581 825.3652635395265 1156.0118659824552 888.433213099418 1119.250014311042 1008.8927364604735 1325.9081340175449 Screw 0
791.3629478931349 413.574584557751 859.6351671995193 362.97970692976423 899.5270521068652 416.809415442249 831.2548328004808 467.4042930702358 Screw 0
1240.0426541710524 501.35444641326643 1230.7305933933615 267.8160262334755 1302.0173458289476 264.97355358673354 1311.3294066066385 498.5119737665245 Screw 0
