387.1828326401288 554.5410402924463 1302.9341101613059 266.54118168252893 1338.5091673598713 379.6589597075538 422.75788983869427 667.6588183174711 Screw 0
758.644236676668 30.030034440032523 908.7041893540093 732.0297171204979 793.901763323332 756.5699655599675 643.8418106459908 54.57028287950209 Screw 0
1816.1452182448875 338.1267813237129 958.1092388456428 773.7268658982905 909.9547817551125 678.873218676287 1767.9907611543572 243.27313410170945 Screw 0
1219.2160161420625 1201.7981025550203 1369.2763508290082 503.39842982124674 1483.7839838579375 528.0018974449797 1333.7236491709918 1226.4015701787532 Screw 0
1752.3165283756875 88.67747904966245 1313.6793586864828 502.6772375230747 1243.1234716243125 427.92252095033757 1681.7606413135172 13.922762476925271 Screw 0
872.103744340345 1408.7799806806906 733.586459498681 825.5801062156037 842.0442556596549 799.8200193193092 980.5615405013189 1383.0198937843961 Screw 0
1575.2466715039216 968.5449916497505 1386.709665829351 828.1449470191774 1474.0533284960786 710.8550083502496 1662.5903341706492 851.2550529808227 Screw 0
670.9641932002503 1030.6553617091045 682.5072762948182 800.2553357679776 820.0178067997497 807.1446382908955 808.4747237051818 1037.5446642320223 Screw 0
931.5064787948108 1213.2919863189504 1200.8455233927248 1080.0917399562545 1244.3735212051893 1168.1080136810497 975.0344766072753 1301.3082600437456 Screw 0
957.177928715946 1059.344858359693 1249.602558674146 1048.5448042019646 1253.3220712840541 1149.2551416403069 960.8974413258542 1160.0551957980354 Screw 0
893.5835329120382 790.3255152349803 1178.3125475275456 765.1255707889678 1186.0964670879616 853.0744847650197 901.3674524724543 878.2744292110323 Screw 0
905.7312738907 1185.9613586409293 821.0817603080674 962.7610982933578 881.5227261092999 939.838641359071 966.1722396919325 1163.0389017066425 Screw 0
972.3283316603017 720.2794563709342 1195.4943232489657 641.0797025376783 1218.9316683396985 707.1205436290659 995.7656767510346 786.3202974623218 Screw 0
1525.0042881806123 390.242350634059 1282.5994063187711 566.6422238611871 1224.1757118193875 486.35764936594103 1466.5805936812287 309.95777613881296 Screw 0
