1162.8385588497179 404.98772504799814 1072.469210945763 196.2238603218105 1203.701441150282 139.41627495200186 1294.070789054237 348.1801396781895 Screw 0
644.8230226037981 1168.0559432726934 855.8598264071243 1257.40254187318 803.0649773962018 1382.1040567273064 592.0281735928756 1292.7574581268198 Screw 0
373.1974153842456 985.9852211131878 438.1835356884476 401.23323943906996 546.5165846157545 413.27277888681226 481.5304643115524 998.0247605609301 Screw 0
1373.7598464357443 1304.0433139651864 811.5245192969505 1123.978184433859 844.1601535642558 1022.0766860348135 1406.3954807030495 1202.1418155661408 Screw 0
720.1217550055488 329.2124313676705 788.8915253765284 209.18436143349737 829.6722449944513 232.54956863232945 760.9024746234717 352.57763856650257 Screw 0
611.87215321845 852.962164704577 732.2185112875791 791.2885354900014 754.5658467815501 834.8958352954229 634.219488712421 896.5694645099985 Screw 0
807.1231025463711 457.5456053098761 871.5934915245717 677.5363369191863 809.2168974536288 695.816394690124 744.7465084754282 475.8256630808138 Screw 0
1004.7244851433072 304.887619798796 978.237375130431 540.3928067972266 909.5215148566929 532.664380201204 936.0086248695691 297.1591932027734 Screw 0
943.6344225612327 850.1945563376684 957.448524141952 776.5678733519629 1019.1335774387674 788.1414436623317 1005.319475858048 861.7681266480371 Screw 0
1225.9404667125725 923.644354354126 1155.5996643021565 929.2473143949254 1150.6195332874274 866.7256456458739 1220.9603356978434 861.1226856050745 Screw 0
