1312.3484159626719 767.3752148764756 1166.9627631373705 947.2355772039236 1055.751584037328 857.3407851235243 1201.1372368626294 677.4804227960763 Screw 0
1636.6870314699909 523.7154833454848 1416.126907436656 575.238057916249 1384.052968530009 437.93451665451505 1604.6130925633438 386.411942083751 Screw 0
1831.0543464381672 753.2432267031008 1538.1928570558712 808.0734240106378 1520.0456535618328 711.1447732968991 1812.9071429441287 656.3145759893621 Screw 0
1291.7093633801408 1226.2550759178791 1138.4712928402057 1050.6227583843513 1191.970636619859 1003.9449240821207 1345.2087071597941 1179.5772416156485 Screw 0
1355.2399779112543 454.8354460481627 766.3778492615392 435.2122158572337 769.7600220887456 333.7185539518373 1358.6221507384607 353.3417841427663 Screw 0
1873.9017586629764 1415.7240256684458 922.8164203856988 1309.4899477367558 935.1382413370236 1199.1759743315542 1886.2235796143011 1305.4100522632443 Screw 0
1452.3523475619584 1280.0869032663925 1191.6415044409443 616.4613640659109 1304.5276524380417 572.1130967336076 1565.2384955590558 1235.7386359340892 Screw 0
975.729686991717 1046.2674243520883 761.2681602209361 840.9860920026863 829.7243130082829 769.4685756479118 1044.1858397790638 974.7499079973138 Screw 0
1743.9312610550176 1105.8483817769218 1219.5819667200997 621.5362258490804 1293.8287389449827 541.1516182230782 1818.1780332799005 1025.4637741509196 Screw 0
1156.9207740711474 619.9116363780952 862.9506141829975 662.2264694196608 849.6592259288525 569.8883636219048 1143.6293858170025 527.5735305803391 Screw 0
912.4544287131158 1129.387307682028 962.6520734054153 1407.571568193556 867.1055712868841 1424.8126923179718 816.9079265945846 1146.6284318064438 Screw 0
779.0532242667689 256.6295627889025 443.6803708337943 738.0010114439142 356.046775733231 676.9464372110975 691.4196291662056 195.57498855608586 Screw 0
578.1215379322907 1366.4945411079577 659.0076548937691 407.89806286912443 770.4964620677092 417.30545889204217 689.6103451062309 1375.9019371308755 Screw 0
