1480.6463581561804 473.18116092147505 1300.6149023613673 313.26457352541973 1396.5336418438194 205.28083907852493 1576.5650976386326 365.19742647458025 Screw 0
227.7361594358718 751.3645637686834 453.88031938897296 715.496224524913 475.7018405641282 853.0774362313166 249.55768061102702 888.945775475087 Screw 0
1125.8440312957468 423.8365048766451 1166.0168795457384 712.0502142373956 1071.5359687042533 725.2194951233549 1031.3631204542617 437.00578576260443 Screw 0
1533.6359287716634 694.2878108661994 1264.4881808177126 610.4095836775152 1292.3040712283366 521.1541891338006 1561.4518191822874 605.0324163224848 Screw 0
1457.834568532773 1354.9412838033045 1619.079108805726 674.7933600160123 1727.0854314672272 700.3987161966958 1565.840891194274 1380.546639983988 Screw 0
989.4299439273018 766.9938273551522 1274.9644546470722 743.9110990930658 1282.5900560726982 838.2401726448477 997.0555453529278 861.3229009069341 Screw 0
1391.5264777624363 153.89464959644417 1160.2304217364583 171.889495853848 1155.0335222375636 105.09135040355584 1386.3295782635416 87.09650414615199 Screw 0
871.8575311250025 1106.586005997485 1103.0642732615552 1057.192178785963 1117.7584688749976 1125.973994002515 886.5517267384449 1175.367821214037 Screw 0
213.07007773687872 543.3790785673932 828.7228410658621 195.3350694401182 887.7359222631213 299.72292143260677 272.08315893413794 647.7669305598818 Screw 0
29.475006103311728 572.1328311170461 830.6295049507048 42.38118978161583 892.0489938966882 135.2671688829539 90.89449504929513 665.0188102183841 Screw 0
122.56248152299509 1308.0462698266779 904.4595354673804 753.0673925186393 968.2595184770048 842.9537301733221 186.36246453261947 1397.9326074813607 Screw 0
297.3715365881019 1020.4561143005453 767.5720793672201 645.4324803103357 835.7744634118981 730.9438856994548 365.57392063277985 1105.9675196896644 Screw 0
987.204300514652 162.04518358888947 1513.4360643765485 424.3954431881458 1465.695699485348 520.1548164111106 939.4639356234516 257.80455681185424 Screw 0
964.0527833628128 567.5760040873296 817.3489003322286 307.5049662366133 904.0032166371873 258.62399591267047 1050.7070996677714 518.6950337633867 Screw 0
