214.92756955378962 582.7575916564876 437.77797726464024 645.2360522017639 402.06443044621034 772.6204083435123 179.21402273535972 710.1419477982361 Screw 0
1596.2002692785713 681.0536848564523 1560.5778056946751 550.5200710352838 1605.9197307214286 538.1463151435478 1641.5421943053248 668.6799289647163 Screw 0
1726.622258065757 939.1789905578639 1011.5808206314639 930.1849727738131 1013.0177419342428 815.947009442136 1728.059179368536 824.9410272261869 Screw 0
1115.5669236345195 497.7441224149259 889.3392529154924 698.7444106859715 820.9270763654804 621.745877585074 1047.1547470845076 420.74558931402845 Screw 0
1507.4350678465798 400.8410467707861 977.8401222992006 676.4358975838379 926.3649321534203 577.518953229214 1455.9598777007996 301.92410241616216 Screw 0
554.4455830797285 1002.1332688348866 783.7744723595217 994.5268526816419 786.1944169202716 1067.486731165113 556.8655276404784 1075.093147318358 Screw 0
971.3937304202777 228.5057727624872 834.9300368947258 486.6053317980737 749.1782695797222 441.26622723751285 885.641963105274 183.16666820192637 Screw 0
1121.3153306541544 611.9103775379726 1243.9704901556738 549.8077430636054 1266.1046693458457 593.5236224620273 1143.4495098443263 655.6262569363946 Screw 0
1037.9029937861576 708.7227335740406 1106.930490176633 748.2234319515749 1074.6170062138424 804.6912664259594 1005.5895098233672 765.1905680484251 Screw 0
600.7620243677868 293.4648007308159 1121.279576645707 1093.9419811248622 1024.8699756322133 1156.633199269184 504.352423354293 356.15601887513765 Screw 0
782.9747334102799 331.59206660780416 699.4425516636843 296.4073243938313 722.34526658972 242.03393339219585 805.8774483363156 277.2186756061687 Screw 0
