1151.6853302998152 909.3058407118133 1186.4804918735726 684.7111662267398 1327.7946697001848 706.6041592881868 1292.9995081264274 931.1988337732603 Screw 0
526.6760893574493 928.0485156500323 637.635376593858 728.2567743993285 764.3979106425508 798.6574843499676 653.438623406142 998.4492256006714 Screw 0
869.4441081715605 1166.2886299671593 848.1500717380512 1030.8301237877083 894.5798918284394 1023.5313700328409 915.8739282619487 1158.9898762122918 Screw 0
949.7650164249533 529.6562825793716 969.7642304266274 450.7282225431891 1032.7729835750467 466.69371742062845 1012.7737695733726 545.621777456811 Screw 0
1382.0960587461861 546.9855791500731 1143.9896147690326 538.3221483888426 1146.6439412538136 465.3704208499269 1384.7503852309671 474.03385161115733 Screw 0
1482.7055937461964 285.10118284951966 892.7751048115911 315.6707675601011 887.1344062538037 206.81681715048038 1477.064895188409 176.24723243989885 Screw 0
924.6782730452853 808.4494668010569 1014.1215946598534 700.6972804540832 1050.2857269547146 730.716533198943 960.8424053401466 838.4687195459168 Screw 0
312.0328926836687 739.8892699296036 582.981936369986 214.0057161598835 681.6551073163313 264.84473007039634 410.706063630014 790.7282838401165 Screw 0
616.7629671733221 605.8564827290843 759.154574543416 411.419783131089 817.3630328266779 454.04751727091576 674.971425456584 648.4842168689111 Screw 0
1033.304744372357 1097.7253881408326 995.600814824464 1028.3760019352756 1047.4352556276426 1000.1946118591674 1085.1391851755357 1069.5439980647245 Screw 0
