848.7655680560023 750.1777683551998 686.0429194195543 912.9406112578079 588.4204319439976 815.3422316448002 751.1430805804456 652.5793887421921 Screw 0
891.0119092153138 20.862889954159996 1088.7148154830036 251.98172738916685 1015.0040907846862 315.03511004584004 817.3011845169965 83.91627261083319 Screw 0
1334.8433066055238 868.7916043190229 1279.7597726263436 744.7173935080549 1322.7166933944761 725.6463956809772 1377.8002273736563 849.7206064919452 Screw 0
587.0504280214052 206.35198140814538 713.3279665588516 261.71331864744735 693.6535719785948 306.59001859185463 567.3760334411484 251.22868135255266 Screw 0
252.8246029982097 969.0262732199209 430.4614114119752 729.9314392783002 511.97139700179036 790.4897267800792 334.33458858802487 1029.5845607217 Screw 0
1248.4533194480443 1163.1573070951865 1248.9079125461724 1088.1963854999638 1315.9066805519558 1088.6026929048137 1315.4520874538277 1163.5636145000365 Screw 0
1696.170528002705 484.5097940534648 1012.0722408143088 681.8257783575824 979.9894719972949 570.5942059465352 1664.087759185691 373.27822164241763 Screw 0
8.863340243649077 822.5074741158645 919.7720029133991 504.3118243998325 957.0366597563509 610.9905258841355 46.127997086600885 929.1861756001675 Screw 0
401.77823261467074 90.02282501030916 867.4934414180791 466.9854910267169 798.9157673853292 551.7091749896908 333.20055858192086 174.7465089732831 Screw 0
214.94517482572945 353.91215921015873 279.1392149860558 313.5165950866759 312.69282517427064 366.83784078984127 248.49878501394429 407.2334049133241 Screw 0
1142.5614010837176 857.8026084151055 1046.3488459797863 1070.100425088695 981.1385989162824 1040.5473915848943 1077.3511540202135 828.2495749113049 Screw 0
