339.2508541821347 195.42010978626269 559.1226523905277 290.9647753024896 505.3191458178654 414.77989021373736 285.4473476094723 319.23522469751043 Screw 0
604.7261098469617 77.9240463646909 836.9950655046732 50.30736186643915 845.3778901530384 120.81075363530911 613.1089344953268 148.42743813356086 Screw 0
735.1597574513926 592.8394720790905 602.986134980757 563.6054346057972 613.1362425486075 517.7145279209096 745.309865019243 546.9485653942029 Screw 0
457.3545953252789 216.11860282439244 419.6081880348699 84.40766589937259 464.7894046747211 71.45939717560752 502.5358119651301 203.17033410062737 Screw 0
1520.4931282619411 647.6066265580093 974.6338464883145 864.8590017293304 934.326871738059 763.5853734419907 1480.1861535116857 546.3329982706696 Screw 0
722.7850956157038 1236.1860585360732 715.0056950647099 937.7654402620216 812.1149043842963 935.233941463927 819.8943049352902 1233.6545597379786 Screw 0
175.29849302060046 637.4704964665603 1080.2086752532102 954.9898849954262 1045.2375069793995 1054.6555035334397 140.32732474678977 737.1361150045738 Screw 0
1193.1584939212962 232.12643991729283 542.146444446772 502.6967846318968 497.0675060787039 394.2335600827072 1148.0795555532281 123.66321536810324 Screw 0
1066.5961811467155 625.433927749377 833.5917223121144 446.3587722302633 895.0638188532846 366.37407225062304 1128.0682776878857 545.4492277697368 Screw 0
1022.2131603512764 552.641088737018 1079.5536067423789 597.8193269460176 1040.5468396487238 647.3269112629821 983.2063932576214 602.1486730539825 Screw 0
750.199916281853 562.859951862479 698.3645552988143 508.6557513632734 743.896083718147 465.11404813752097 795.7314447011858 519.3182486367265 Screw 0
