261.2831221699942 431.4774722508846 482.1131169037979 495.14931612137593 444.10687783000577 626.9645277491154 223.27688309620208 563.2926838786241 Screw 0
836.1967561629593 1257.0514867154106 969.5188040681531 1076.579135172674 1080.4772438370405 1158.5485132845893 947.1551959318468 1339.020864827326 Screw 0
664.5533026916938 939.2577793762309 777.1836012821949 671.279823073078 867.2446973083062 709.1322206237692 754.6143987178051 977.1101769269221 Screw 0
469.25421163611713 967.8902059304976 500.94163422832776 1266.3166090275806 402.68378836388285 1276.7497940695023 370.99636577167223 978.3233909724192 Screw 0
480.92708730163173 1296.1789848034991 593.9387088372595 351.19155883483165 700.8489126983683 363.9770151965007 587.8372911627406 1308.9644411651684 Screw 0
934.5448404812305 438.50356959595285 698.5863508429998 257.3561935629423 759.3871595187695 178.15843040404718 995.3456491570003 359.30580643705775 Screw 0
1280.6182516369756 729.6466118293285 1510.8472922133344 704.5025771632406 1518.4217483630243 773.8573881706714 1288.1927077866656 799.0014228367593 Screw 0
1102.7123277744845 244.58996617159573 1270.5951185640097 408.0333293672927 1221.0676722255157 458.90603382840425 1053.1848814359905 295.4626706327073 Screw 0
605.8560241399787 256.9123006059948 1237.7848273607417 577.8787833124826 1186.2979758600213 679.2476993940052 554.3691726392583 358.2812166875174 Screw 0
1474.1104035587662 509.44752686879747 803.9079280363942 1186.9580344512883 724.8495964412339 1108.7524731312026 1395.0520719636058 431.24196554871173 Screw 0
778.6181238540375 54.96543392615729 1352.7356736195152 469.55081834326904 1285.6618761459627 562.4345660738427 711.544326380485 147.84918165673093 Screw 0
732.330821068864 195.21260856413923 921.0591475799563 411.4315225664127 850.995178931136 472.5873914358607 662.2668524200437 256.36847743358726 Screw 0
790.273568699963 1151.238704477842 1272.053673786241 812.2632556558735 1335.5864313000372 902.5612955221583 853.8063262137592 1241.5367443441269 Screw 0
166.31568962639273 562.3795160060594 459.2396080893637 1070.8458700957856 366.5903103736073 1124.2204839939407 73.66639191063629 615.7541299042144 Screw 0
