360.55719632943453 334.6295850165626 1003.1224826835038 1065.4294856027032 918.8008036705654 1139.5704149834373 276.23551731649616 408.7705143972968 Screw 0
1275.342801099684 281.69531911574126 1475.4227180278049 1210.4953180810924 1358.3971989003157 1235.7046808842588 1158.317281972195 306.90468191890767 Screw 0
621.1908299366077 1024.2083725636742 1294.5371205100814 804.6081631558898 1331.5151700633924 917.9916274363259 658.1688794899184 1137.5918368441103 Screw 0
464.9224783052232 762.1528924207339 1172.8982433838485 700.9530924428325 1183.8155216947769 827.2471075792662 475.8397566161516 888.4469075571676 Screw 0
1004.6734161800339 1211.3605668366943 977.7394568615787 984.5602558328691 1113.486583819966 968.439433163306 1140.420543138421 1195.2397441671312 Screw 0
940.8391110979536 319.9966406737167 825.4085402207037 517.9962351353018 700.2028889020463 445.0033593262833 815.6334597792962 247.00376486469816 Screw 0
417.43236759725863 1080.116087876217 378.95521689880803 774.1157006638335 481.0036324027414 761.2839121237829 519.480783101192 1067.2842993361664 Screw 0
1475.377856602763 1156.2334230551116 1329.1651299629932 889.8330714458016 1420.0221433972372 839.9665769448884 1566.2348700370069 1106.3669285541985 Screw 0
1743.755784800419 837.0022035579237 1136.8304250685287 840.5960608611534 1136.244215199581 741.5977964420762 1743.1695749314713 738.0039391388465 Screw 0
757.9273419963306 211.34073531414538 1273.5181323202708 495.74075792689916 1221.7126580036695 589.6592646858546 706.1218676797293 305.25924207310084 Screw 0
1321.3896307412845 1279.862914397804 1105.9186253465443 1081.8629712786708 1173.8503692587153 1007.9370856021964 1389.3213746534555 1205.9370287213294 Screw 0
478.442600426889 741.8363090908681 570.7872908714323 461.03591348626514 662.3993995731112 491.1636909091319 570.0547091285678 771.9640865137349 Screw 0
895.3600599987741 646.4578125546948 1006.9431142714619 441.2579836678792 1068.8879400012258 474.9421874453053 957.3048857285381 680.1420163321209 Screw 0
1192.7211470029088 1254.598053220591 1046.5086159349003 1085.3978917470079 1098.5788529970914 1040.401946779409 1244.7913840651 1209.6021082529921 Screw 0
