637.618628983389 937.7498852057648 686.4237541449465 715.7052753117963 821.7513710166108 745.4501147942352 772.9462458550533 967.4947246882037 Screw 0
758.633658520931 1106.720834428625 957.1906693111239 1218.0642648188514 889.296341479069 1339.139165571375 690.7393306888762 1227.7957351811488 Screw 0
1549.2805525778917 842.8349661799111 1256.6638044463457 812.2770543252173 1266.8394474221082 714.8370338200889 1559.4561955536542 745.3949456747828 Screw 0
541.2693065099487 1202.2638203793083 570.2827032017418 899.6866499956116 668.8306934900512 909.1361796206918 639.8172967982581 1211.7133500043885 Screw 0
480.96965693743437 322.2584878931529 753.62353969278 402.2439425360704 726.2503430625657 495.5535121068471 453.59646030722 415.5680574639296 Screw 0
510.967590659457 524.834082272007 1199.085393186274 677.7231932304551 1173.826409340543 791.407917727993 485.70860681372613 638.5188067695449 Screw 0
1868.0576938301272 1033.6738797059884 918.7605264465158 912.4967861715596 932.5623061698727 804.3741202940115 1881.8594735534841 925.5512138284404 Screw 0
393.09528041868305 1242.2358296286639 273.942280681993 292.83567281503235 386.06271958131697 278.76417037133604 505.215719318007 1228.1643271849675 Screw 0
1671.0133055548492 535.0083568799389 1407.7533677132003 660.7435951888995 1365.0866944451507 571.4096431200611 1628.3466322867996 445.6744048111005 Screw 0
1719.430488170819 238.33296458196085 1210.819475200136 735.832533753569 1125.9495118291811 649.0670354180392 1634.5605247998642 151.567466246431 Screw 0
946.1118130242027 496.74021876290215 1316.118834394504 38.762337749334705 1395.2081869757974 102.6597812370978 1025.2011656054963 560.6376622506652 Screw 0
1030.0895193932417 1223.4216731242327 1534.997591457328 924.1118693864878 1588.2704806067584 1013.9783268757674 1083.362408542672 1313.2881306135123 Screw 0
605.6695556555968 1381.1154555510454 801.7320844750401 1255.224690230769 839.1404443444031 1313.4845444489545 643.0779155249598 1439.3753097692309 Screw 0
1785.461882458084 771.5931254787256 1565.1844845185483 836.6763294409416 1544.718117541916 767.4068745212744 1764.9955154814515 702.3236705590584 Screw 0
