1046.6200467748965 418.7374305333685 1117.112940618723 204.31574585217072 1252.9599532251034 248.97656946663153 1182.4670593812768 463.39825414782933 Screw 0
1348.537166807329 571.420611013913 1251.7869554090944 776.7700609630106 1129.6628331926709 719.231388986087 1226.4130445909054 513.8819390369895 Screw 0
1598.5681457918945 419.28235641648473 1452.5657743157376 681.7865433323096 1362.5518542081054 631.7216435835152 1508.5542256842623 369.21745666769027 Screw 0
530.3494359773711 340.282565510598 790.9013017232876 477.4514193562209 744.7785640226289 565.061434489402 484.22669827671234 427.8925806437791 Screw 0
290.07116067978205 578.3074616199449 592.7317298064165 563.9694040129436 597.3768393202179 662.022538380055 294.7162701935834 676.3605959870563 Screw 0
281.23131504285914 327.5086863372957 514.345363562075 338.28505641170756 511.06668495714086 409.20931366270423 277.952636437925 398.4329435882924 Screw 0
1750.7124694265974 446.04635859674175 1473.9718597223953 1348.6901864361319 1367.8475305734025 1316.1536414032582 1644.5881402776047 413.50981356386814 Screw 0
132.85883555514937 832.6216583386299 803.8606960397565 574.3243427772873 846.3791644448506 684.7783416613702 175.37730396024352 943.0756572227128 Screw 0
1164.9466200412194 202.68964203175992 581.10101778434 270.972460883223 568.4393799587806 162.71035796824006 1152.28498221566 94.42753911677696 Screw 0
1220.4739031615943 1312.6145000485749 1051.7597987659958 1075.8346083791362 1132.3860968384058 1018.3854999514251 1301.1002012340043 1255.1653916208638 Screw 0
300.5739559082723 54.624569478630406 1142.3452549740682 532.9280599207158 1086.5200440917279 631.1754305213695 244.74874502593173 152.87194007928417 Screw 0
915.9106543805846 837.8005783807446 414.85685833828813 1144.3224517398978 359.6013456194154 1053.9994216192554 860.6551416617118 747.4775482601021 Screw 0
1358.7580558236036 1050.6275107408155 792.34939970406 621.6239412430166 863.2819441763963 527.9724892591844 1429.69060029594 956.9760587569833 Screw 0
1543.3167085480077 295.69411819472475 1347.3190342443222 417.94759122329117 1309.7432914519923 357.7058818052752 1505.7409657556777 235.4524087767088 Screw 0
