1381.2389366579912 558.0354297562009 769.4552808838105 212.43568101702928 825.4210633420087 113.36457024379908 1437.2047191161894 458.96431898297067 Screw 0
1667.7647891711902 435.8567728100403 1144.4786396305142 918.2568629052779 1066.01521082881 833.1432271899597 1589.301360369486 350.7431370947221 Screw 0
1083.9079526269086 888.0872373837329 1664.9101013672055 844.8870707734287 1672.9720473730915 953.3127626162672 1091.9698986327946 996.5129292265714 Screw 0
533.260298893525 290.11885187431574 775.6652143138572 830.1185488409545 676.8397011064749 874.4811481256842 434.4347856861428 334.4814511590454 Screw 0
1245.1828092286128 1328.9065937802038 602.6176920421121 626.9059580432421 688.2831907713871 548.4934062197962 1330.8483079578878 1250.4940419567579 Screw 0
669.9384916768524 71.60622349849262 1420.23918082171 662.0057619787929 1355.8815083231475 743.7937765015074 605.5808191782896 153.39423802120706 Screw 0
876.1862570448993 350.9260815706044 708.1380885596111 510.87548941177204 657.1197429551007 457.2739184293956 825.1679114403889 297.324510588228 Screw 0
585.436495455581 569.5346832406699 673.9237957569796 789.1103146535615 601.5775045444188 818.2653167593301 513.0902042430203 598.6896853464384 Screw 0
1037.396240853783 849.586511959862 768.0575335274148 752.3865684580212 799.8777591462169 664.2134880401379 1069.2164664725851 761.4134315419788 Screw 0
1381.107841763808 868.5173510275655 1127.1600757138792 742.5174372885052 1171.832158236192 652.4826489724345 1425.7799242861208 778.4825627114948 Screw 0
1098.996816118436 562.2668273522647 1206.7323318306699 832.2670681951556 1115.343183881564 868.7331726477353 1007.6076681693304 598.7329318048444 Screw 0
433.9488507474985 451.758666144528 226.80954291449922 239.8400086495684 299.0371492525015 169.24133385547202 506.1764570855008 381.1599913504316 Screw 0
413.94441990005055 709.5798258556283 647.6346934038635 738.2549425722714 630.7055800999495 876.2201741443716 397.0153065961366 847.5450574277286 Screw 0
810.1523171916399 467.8368191038212 891.7231696163119 687.5984667557998 760.85168280836 736.1751808961787 679.280830383688 516.4135332442002 Screw 0
