958.995681372968 1096.2097914240253 1636.189838245791 1261.809935751579 1609.3443186270322 1371.5902085759749 932.1501617542092 1205.9900642484213 Screw 0
565.4216288398379 404.7176436653368 1023.2977723686113 959.1176169185993 933.2563711601622 1033.482356334663 475.3802276313889 479.08238308140074 Screw 0
1464.7938411243276 315.7653430256024 1841.8678084784538 1179.7657063037782 1742.2661588756723 1223.2346569743977 1365.1921915215462 359.2342936962219 Screw 0
409.8843162034937 1138.8882351634657 863.9122879567735 303.6877800093733 961.8196837965063 356.91176483653436 507.7917120432265 1192.1122199906267 Screw 0
770.5318101922377 967.5032645876386 1359.2292484021941 1028.703126883519 1347.6281898077623 1140.2967354123616 758.9307515978059 1079.0968731164812 Screw 0
1112.9225412430833 655.7053985244897 1339.9368324720026 119.3050554048836 1443.877458756917 163.2946014755102 1216.8631675279976 699.6949445951163 Screw 0
863.6614401620554 607.8991601280393 1009.873856194182 784.29923757147 954.3745598379446 830.3008398719608 808.162143805818 653.90076242853 Screw 0
949.0992764709865 1078.5925247157984 976.033209855269 1316.1928069472197 903.5667235290134 1324.4074752842016 876.632790144731 1086.8071930527803 Screw 0
1599.235696984178 798.3630525319942 1683.884902037115 1068.3625744721373 1592.4243030158218 1097.036947468006 1507.775097962885 827.0374255278629 Screw 0
1345.823295582698 212.96942387629812 1191.9154522092854 457.76941977528736 1107.0767044173022 404.4305761237018 1260.9845477907147 159.6305802247126 Screw 0
841.001547454545 982.3246475494851 567.8153952626843 1093.9244533495203 530.702452545455 1003.075352450515 803.8886047373156 891.4755466504797 Screw 0
1243.715629703065 452.10547625180624 1128.2849017977317 729.305082283714 1036.0443702969353 690.8945237481937 1151.4750982022686 413.69491771628594 Screw 0
1598.47207262804 981.4807649033913 1386.8489915092803 1078.6807362089573 1327.7079273719598 949.9192350966086 1539.3310084907196 852.7192637910427 Screw 0
1407.729064433923 1184.0003602885981 1476.9877683914012 964.4000845712612 1610.790935566077 1006.5996397114018 1541.5322316085987 1226.1999154287387 Screw 0
