820.2829392491769 1369.7606242607708 806.8569709511642 1142.1863193068484 938.509060750823 1134.419375739229 951.9350290488358 1361.9936806931514 Screw 0
1409.6982797943988 1019.0211739170236 721.1145341810702 1160.6595348123637 697.541720205601 1046.0588260829763 1386.1254658189296 904.4204651876361 Screw 0
1158.455420154981 449.7126926778523 1779.1301475668763 430.6302458701287 1782.444579845019 538.4353073221478 1161.7698524331238 557.5177541298713 Screw 0
1142.6747014367352 801.90860367989 1207.67339632011 801.496701436735 1208.085298563265 866.49539632011 1143.0866036798902 866.907298563265 Screw 0
1581.7281707002358 636.7327933566094 625.4847645407335 674.779451244963 621.0718292997644 563.8672066433905 1577.3152354592667 525.820548755037 Screw 0
847.9553875349752 294.090661735626 562.1906056288635 204.80648639557853 591.7146124650249 110.311338264374 877.4793943711366 199.59551360442146 Screw 0
507.4367882117583 166.68223586617776 635.906711636884 216.17297948700403 617.5732117882417 263.76376413382224 489.103288363116 214.273020512996 Screw 0
380.61875850536876 733.0696270521778 479.1016104283407 638.6079664637782 509.2352414946313 670.0243729478223 410.75238957165936 764.4860335362218 Screw 0
630.6373759429714 868.7580305195609 487.0619223187837 1134.3459535518566 393.71662405702864 1083.8839694804392 537.2920776812164 818.2960464481434 Screw 0
429.3605355807514 587.7199728405735 325.78326832036225 379.7482649669545 389.3374644192486 348.0960271594265 492.9147316796377 556.0677350330456 Screw 0
534.3726598994572 1312.8261223360398 497.1499428281568 1242.3624805423467 552.2533401005428 1213.25387766396 589.4760571718432 1283.7175194576532 Screw 0
