694.8634645236167 199.65154900958782 737.890536147616 425.0668021147476 597.4265354763833 451.87845099041215 554.399463852384 226.46319788525238 Screw 0
1270.361758902492 938.2918060740776 1230.1130019978496 713.4559422364082 1365.598241097508 689.2021939259223 1405.8469980021505 914.0380577635917 Screw 0
416.99717004991953 390.867699587483 341.48047411528944 978.0677114498096 233.3708299500805 964.1643004125169 308.8875258847106 376.9642885501903 Screw 0
1379.7653313052735 301.8643573544068 1252.530647612318 358.87407753047466 1232.4946686947267 314.1576426455932 1359.7293523876822 257.1479224695254 Screw 0
1565.6625649652049 103.85915119103203 1771.8740399350374 653.9309916871314 1667.937435034795 692.8948488089679 1461.7259600649625 142.8230083128687 Screw 0
785.347473624038 1065.85940456324 909.9094440255146 1004.3752307483331 930.7125263759619 1046.52059543676 806.1505559744853 1108.004769251667 Screw 0
656.7789153231971 773.540303576794 615.5722421076356 704.1382367531328 671.4630846768029 670.9536964232059 712.6697578923644 740.3557632468671 Screw 0
1044.7756648459851 323.26355218434185 995.8470032757439 555.8691722646503 924.4103351540148 540.8424478156581 973.338996724256 308.2368277353497 Screw 0
1472.4202226150687 646.3859412909042 1434.0695873850264 582.1242429736933 1491.3397773849315 547.946058709096 1529.6904126149739 612.2077570263068 Screw 0
377.69747977620545 943.3758486143105 507.3971428773842 741.1253415285661 564.8645202237946 777.9781513856896 435.1648571226158 980.228658471434 Screw 0
