949.6421698907682 569.0764923757948 1650.9229233241647 554.6561281332471 1653.3178301092319 671.1235076242052 952.0370766758354 685.543871866753 Screw 0
1636.3093513597212 1392.069199378647 769.6669825320921 999.255904475285 816.5906486402789 895.7308006213532 1683.233017467908 1288.5440955247152 Screw 0
776.5223571639262 848.3381078186602 1066.6769103174404 1355.420636869193 979.0136428360738 1405.5818921813398 688.8590896825597 898.499363130807 Screw 0
944.1468104816256 922.1578358315435 862.3452104816306 922.1578641684528 862.3451895183744 861.6421641684565 944.1467895183694 861.6421358315472 Screw 0
403.7544356234659 463.6783593357407 539.7289453685129 460.3597866615141 540.8555643765342 506.52164066425934 404.8810546314872 509.84021333848597 Screw 0
720.9813021899041 491.79998474772196 720.9813978100909 784.3999847477064 627.6366978100958 784.4000152522781 627.636602189909 491.80001525229363 Screw 0
1476.2895639600504 363.7503749844351 1283.2396885969358 580.4970707799788 1211.3304360399495 516.449625015565 1404.380311403064 299.70292922002125 Screw 0
1064.1539096087247 874.6363298471242 1191.68208947798 683.0036638341637 1250.2260903912754 721.9636701528757 1122.69791052202 913.5963361658362 Screw 0
1622.234664564129 1108.4149858691649 1444.643262255571 870.0130078780417 1527.1053354358712 808.5850141308351 1704.6967377444291 1046.9869921219583 Screw 0
553.4802685216603 786.0443397058344 395.19419910161605 1038.8920999560548 306.4797314783398 983.3556602941657 464.765800898384 730.5079000439454 Screw 0
609.660989911647 463.7276798548396 621.2196346447952 233.0170434898621 762.043010088353 240.07232014516035 750.4843653552048 470.78295651013786 Screw 0
1546.0254604484371 577.0132556989873 1318.0179580989693 602.3235171823745 1303.1945395515627 468.7867443010127 1531.2020419010305 443.4764828176255 Screw 0
