1646.0663025780557 903.2615701079005 1537.1214908534077 328.07617587202367 1642.173697421944 308.17842989209953 1751.118509146592 883.3638241279764 Screw 0
602.7433534885809 480.269000318856 1491.2577516388847 814.2164600795242 1454.456646511419 912.1309996811441 565.9422483611149 578.1835399204759 Screw 0
882.4862911268299 20.46700631674483 1538.1867438358402 279.78435971446686 1495.8937088731702 386.7249936832552 840.19325616416 127.40764028553318 Screw 0
558.4298038024608 846.5666566623089 652.3837659219721 574.7968906727025 745.7981961975393 607.091343337691 651.844234078028 878.8611093272974 Screw 0
1063.3529655608882 1132.0869103694508 991.495391726926 911.2937629515641 1058.7270344391118 889.4130896305492 1130.584608273074 1110.206237048436 Screw 0
570.8682752247817 1239.8992654121798 616.2247709719109 942.8429790041313 712.7477247752183 957.5807345878201 667.3912290280891 1254.6370209958686 Screw 0
1023.0168616922574 1375.2228125879017 1102.9999235782707 1163.126799453901 1225.9631383077426 1209.4971874120981 1145.9800764217293 1421.5932005460988 Screw 0
1122.5390410531522 546.5602826722676 1138.2453639616265 410.4635838853583 1183.4609589468478 415.6817173277324 1167.7546360383735 551.7784161146417 Screw 0
1194.2005962830583 396.946880035798 1101.2277966972636 295.03928731975157 1136.4194037169416 262.933119964202 1229.3922033027363 364.84071268024843 Screw 0
1255.1922440835813 419.5709964714016 1183.9547696344518 438.61430519965745 1168.3877559164187 380.3810035285984 1239.625230365548 361.33769480034255 Screw 0
1300.0759238212506 445.3519614376002 1231.0282498632007 483.73709815720605 1200.3240761787495 428.50603856239974 1269.3717501367994 390.1209018427939 Screw 0
