1817.6417214017322 448.0635967108002 1591.4025146094552 433.24490965690256 1600.618278598268 292.5464032891998 1826.857485390545 307.36509034309745 Screw 0
1039.8867979198342 1168.5739163763162 1190.4767291290757 1000.6682361049332 1296.933202080166 1096.1460836236836 1146.3432708709245 1264.0517638950666 Screw 0
1028.0383221107895 167.77855524217497 734.6906396627106 222.72346222490765 716.4656778892105 125.42144475782499 1009.8133603372893 70.47653777509234 Screw 0
1246.550060955261 1324.279088406081 1254.6912759297902 1039.811561832768 1355.6499390447389 1042.700911593919 1347.5087240702096 1327.1684381672321 Screw 0
652.5992351789145 995.8786262751655 872.2891407408714 786.9958269757055 944.5367648210855 862.9813737248344 724.8468592591286 1071.8641730242944 Screw 0
1572.7347987028593 170.50533154485717 1524.8086996854513 300.70150737953213 1478.8252012971407 283.7746684551428 1526.7513003145486 153.57849262046787 Screw 0
444.8038394242941 650.7880544471432 1346.5248227779075 373.4370438111759 1380.1681605757058 482.81794555285677 478.4471772220926 760.168956188824 Screw 0
1468.0603646553757 488.98213033020727 887.5226592803376 374.98682334836076 908.1396353446241 269.9918696697928 1488.6773407196622 383.9871766516393 Screw 0
950.8295914203576 825.0303462645388 1152.7770173675676 751.4572412784362 1176.3704085796421 816.2176537354612 974.4229826324321 889.7907587215639 Screw 0
1005.4844435898634 575.4592334382396 1078.9164698721427 540.7686717637921 1107.5355564101367 601.3487665617604 1034.1035301278573 636.0393282362079 Screw 0
1710.9185251443 715.7686357960383 1520.6175583224758 501.81638657280877 1591.6014748557 438.6793642039617 1781.9024416775242 652.6316134271913 Screw 0
1362.218177169168 640.8727236381781 937.0432519426698 1199.9242972900563 843.4018228308317 1128.7072763618219 1268.57674805733 569.6557027099436 Screw 0
