745.532815050198 919.6662520189391 676.4086412684746 958.9643524539995 647.2491849498019 907.6737479810608 716.3733587315253 868.3756475460004 Screw 0
740.1880193049319 174.43760613197708 811.9418828040755 292.3350163195901 771.601980695068 316.88639386802294 699.8481171959245 198.98898368040994 Screw 0
1599.1585200562627 682.0781297183264 762.2788371907509 1134.641257366747 711.3814799437373 1040.5218702816735 1548.261162809249 587.958742633253 Screw 0
720.5732934516739 681.3127018927107 1190.665944925405 165.77410101068443 1278.304706548326 245.68729810728922 808.2120550745949 761.2258989893155 Screw 0
703.6523289901011 1091.3290385214375 1243.24711584651 856.9306762268455 1287.529671009899 958.8709614785624 747.93488415349 1193.2693237731544 Screw 0
727.4896407808621 1206.1354805636227 895.1152294007004 1052.7860450124842 988.1523592191379 1154.4845194363772 820.5267705992997 1307.8339549875157 Screw 0
365.92207561590726 836.0149678633355 385.22490769487615 1135.8131937332214 286.2619243840927 1142.1850321366644 266.9590923051238 842.3868062667785 Screw 0
348.17216475902535 581.2540494058134 603.2955888934613 727.3134177562232 555.1018352409747 811.4939505941867 299.9784111065387 665.4345822437768 Screw 0
1002.2307796176611 762.1020313814255 1200.3000889333748 639.950090929396 1237.5692203823392 700.3819686185744 1039.4999110666254 822.533909070604 Screw 0
1522.8047338787067 498.28876264815773 1229.3902359440538 541.6350335691448 1214.8352661212932 443.11123735184225 1508.2497640559461 399.7649664308553 Screw 0
597.7423173412261 236.45512054924694 771.5672842091338 459.77972934409235 696.5456826587739 518.1728794507532 522.7207157908662 294.8482706559077 Screw 0
993.8587963473296 90.83837224164805 1002.4915085504956 318.0114072810587 861.5932036526704 323.36562775835193 852.9604914495044 96.19259271894131 Screw 0
