1101.8874378979924 1218.0936842355204 948.0139690835833 1049.160547628101 1053.7325621020075 952.8663157644795 1207.6060309164166 1121.799452371899 Screw 0
246.34025544896582 493.2055416093146 479.334296370751 494.8719434028479 478.3597445510342 631.1324583906854 245.36570362924903 629.466056597152 Screw 0
1376.479223494311 396.4349246916563 1127.3280247240727 568.0499340799761 1068.900776505689 483.22507530834366 1318.0519752759274 311.6100659200239 Screw 0
915.0088277616112 810.9075690803838 1483.086442882751 961.413647121366 1455.1711722383886 1066.778430919616 887.0935571172488 916.2723528786339 Screw 0
820.8130988594264 1022.2575136350665 1002.4123447428985 1176.4095798247686 955.1709011405735 1232.0624863649336 773.5716552571014 1077.9104201752316 Screw 0
154.1260380066758 542.6207503541046 419.1108144561233 654.9645000958518 380.46796199332425 746.1112496458953 115.48318554387677 633.7674999041482 Screw 0
255.60026067977407 1073.3589635133112 451.035307490903 848.1372857957081 528.8297393202258 915.6430364866887 333.39469250909696 1140.8647142042919 Screw 0
987.9423871868152 745.8983277593344 1200.3000096853016 548.3109189100095 1267.7376128131846 620.7896722406657 1055.3799903146983 818.3770810899906 Screw 0
1105.644886378987 411.3944311804427 1038.0870301361888 530.623721125814 995.455113621013 506.46756881955724 1063.0129698638111 387.23827887418605 Screw 0
560.8409445198174 812.0570595504928 498.3219373174313 761.8557242448658 539.0190554801825 711.1729404495072 601.5380626825686 761.3742757551342 Screw 0
1011.3134555509597 152.13446328638463 671.8652123406783 774.594012318652 568.8705444490403 718.4275367136154 908.3187876593216 95.96798768134806 Screw 0
283.5857520351158 1178.6939014945963 854.4142265083926 410.4945907122242 941.9042479648842 475.50609850540377 371.0757734916074 1243.7054092877759 Screw 0
