878.5285095718247 1366.416238359325 860.3201468187787 1140.1486942288122 995.0854904281754 1129.3037616406748 1013.2938531812214 1355.5713057711876 Screw 0
533.733474848712 283.62228201209894 722.7026231270823 154.31739550371017 800.016525151288 267.30571798790106 611.0473768729177 396.61060449628985 Screw 0
1445.9089017806373 234.70700553921085 860.3494954485935 147.27378383793518 876.1510982193626 41.44699446078914 1461.7105045514063 128.8802161620648 Screw 0
1003.1832067835537 1003.5498194170057 999.8311361886606 867.8972291036362 1046.8167932164463 866.7361805829944 1050.1688638113394 1002.3887708963639 Screw 0
942.2243465379405 345.675431229869 954.1756708407821 585.4377498860922 880.6536534620594 589.102568770131 868.7023291592178 349.3402501139078 Screw 0
515.1079258704395 738.9117166257168 571.6304451305356 612.9304036602931 614.8880741295606 632.3382833742832 558.3655548694645 758.3195963397069 Screw 0
162.1286513747634 668.1656834807968 652.0890210664588 999.4057792732251 593.2813486252365 1086.3923165192032 103.32097893354111 755.1522207267749 Screw 0
1201.5724327311225 1251.8243736473605 1315.283811950356 1048.9739495904714 1373.7275672688777 1081.7356263526394 1260.0161880496441 1284.5860504095285 Screw 0
1147.8014583612553 778.3857984727034 1088.5330514958396 729.456721533469 1127.5985416387448 682.1362015272965 1186.8669485041605 731.0652784665309 Screw 0
1291.0867704200436 464.36254834453285 1225.8463163662282 498.81190820349076 1196.7132295799565 443.6394516554671 1261.953683633772 409.1900917965092 Screw 0
