585.8422246742533 1248.206527062508 677.6005045972021 1033.9284468266105 806.5177753257466 1089.1334729374921 714.7594954027978 1303.4115531733896 Screw 0
1066.7247080768434 301.30582415940637 964.8971974425375 93.94138080659741 1086.0752919231568 34.43617584059365 1187.9028025574626 241.8006191934026 Screw 0
334.08631470588267 369.6550901386338 437.8531037596609 954.0733820926662 330.5316852941174 973.1289098613663 226.76489624033914 388.7106179073339 Screw 0
1507.3392712921764 295.7627510654076 1440.0833970831372 881.9772604255716 1333.7807287078235 869.7812489345924 1401.0366029168626 283.5667395744285 Screw 0
932.8214017321052 946.1018946474472 946.2809716449888 871.112931065796 1010.2585982678947 882.5961053525529 996.7990283550112 957.5850689342041 Screw 0
555.4310582489294 522.4080367611001 584.2734033837863 450.5560827360926 644.5949417510707 474.76996323889995 615.7525966162137 546.6219172639074 Screw 0
1359.0472892388616 1198.4563556722997 1397.9866434712462 969.5608848827602 1469.9527107611384 981.8036443277007 1431.0133565287538 1210.6991151172401 Screw 0
571.7262063163327 782.9850860722808 665.7577663379014 681.3467812068901 701.7257936836673 714.6229139277192 607.6942336620986 816.2612187931098 Screw 0
1721.7044455999999 887.3952347708301 1577.7866957853817 693.3939478851577 1636.4155544 649.9007652291699 1780.3333042146182 843.9020521148424 Screw 0
752.9109190882444 101.9173781269188 788.9543979986814 233.70434545310357 739.7610809117556 247.15862187308122 703.7176020013186 115.37165454689645 Screw 0
