1755.3685965473824 997.5672480395225 1547.2265808447419 909.5731699249035 1600.5114034526177 783.5327519604774 1808.6534191552582 871.5268300750964 Screw 0
412.1456941535987 450.8109321764518 549.0437918157658 635.147912127518 439.6423058464013 716.3950678235482 302.74420818423425 532.0580878724819 Screw 0
1181.2272246260043 523.7207534153819 1142.861825700151 814.5259318257055 1046.6527753739958 801.8332465846182 1085.018174299849 511.0280681742946 Screw 0
1307.507025528642 70.78253733656041 1169.6189095388197 342.5444810166447 1081.332974471358 297.74946266343954 1219.2210904611804 25.98751898335533 Screw 0
560.3054396619023 1286.060441928488 844.7352143124942 372.62146394680957 948.8065603380978 405.0275580715119 664.3767856875058 1318.4665360531903 Screw 0
1490.0246581364866 1044.1929674675591 1283.0072003371467 837.1442517330764 1355.3553418635136 764.807032532441 1562.3727996628534 971.8557482669236 Screw 0
786.752913024694 373.6877339031578 629.709787797731 947.0859742596733 519.539086975306 916.9122660968421 676.5822122022689 343.5140257403266 Screw 0
1453.5729693151563 788.758774014518 799.8507742024169 1044.1236832287273 758.7670306848438 938.951225985482 1412.4892257975832 683.5863167712727 Screw 0
862.3835759971212 1272.6631657701382 917.9741553329773 1044.24546786977 984.0924240028789 1060.3368342298618 928.5018446670229 1288.75453213023 Screw 0
1497.2749033240502 1426.3725533361244 885.832978772069 1052.5865686481357 942.6850966759498 959.5874466638755 1554.127021227931 1333.3734313518644 Screw 0
856.4977325099023 153.8943551091407 1629.7226972603814 690.1817350525998 1567.6022674900976 779.7476448908594 794.3773027396185 243.46026494740028 Screw 0
466.8887614951535 1082.174295059315 370.0712143823107 876.1901010539193 430.7072385048465 847.689704940685 527.5247856176893 1053.6738989460807 Screw 0
1288.9573351227807 875.7533001192332 1496.7256819994216 1073.7465172660532 1431.5626648772193 1142.1266998807669 1223.7943180005784 944.133482733947 Screw 0
1798.8392296133393 703.2175378072643 1309.3514947864269 375.0607842046327 1369.7407703866606 284.98246219273574 1859.228505213573 613.1392157953674 Screw 0
