1629.1945502840306 789.5557013799461 1451.2318445980457 630.1306643690565 1548.6254497159696 521.412298620054 1726.5881554019545 680.8373356309436 Screw 0
792.7695329243641 290.8640548875339 953.659250733542 128.76803250486387 1055.152467075636 229.5059451124661 894.2627492664581 391.60196749513614 Screw 0
597.3138467009028 388.22926803735953 585.7939611891993 981.1173622320373 478.81415329909714 979.0387319626404 490.33403881080073 386.1506377679627 Screw 0
1014.0591447932986 838.4441153478854 994.3318737986165 761.7278096136258 1059.2208552067016 745.0418846521147 1078.948126201384 821.7581903863743 Screw 0
1031.5563072934667 577.7162295377844 1161.6429337981247 532.9985264590529 1176.7636927065334 576.9857704622156 1046.6770662018755 621.7034735409471 Screw 0
1659.815211633179 162.53724539563257 1118.8873820775516 422.9615296343304 1071.6047883668211 324.75075460436744 1612.5326179224485 64.32647036566956 Screw 0
871.145921108848 1001.5948554090576 950.6289005495347 1000.6495992578598 951.3780788911519 1063.6451445909422 871.8950994504652 1064.5904007421402 Screw 0
1251.3529723434788 721.4565543194612 1350.173672307985 616.4458688273407 1386.0670276565213 650.2234456805388 1287.246327692015 755.2341311726593 Screw 0
677.9565893645533 596.8910916245359 829.5288513022608 419.0813541884579 883.5614106354467 465.14090837546405 731.9891486977392 642.950645811542 Screw 0
808.7597598761917 825.9721623385044 708.989875784387 1037.9088480356904 641.2282401238084 1006.0098376614956 740.9981242156131 794.0731519643095 Screw 0
