387.5714179518028 771.820002525651 444.16635239956827 550.0257708697013 582.7265820481973 585.381997474349 526.1316476004317 807.1762291302987 Screw 0
1204.711936431021 1061.0597125807337 1112.9608223858072 843.9042495583585 1246.5280635689787 787.4702874192662 1338.2791776141926 1004.6257504416415 Screw 0
1335.2265705192117 42.955795313427814 1162.2786890254638 616.5965899853413 1059.8334294807883 585.7102046865723 1232.7813109745362 12.069410014658672 Screw 0
996.8157039549055 1212.8498836286562 1021.9575066588818 1074.1095154700183 1068.2042960450945 1082.490116371344 1043.0624933411182 1221.2304845299818 Screw 0
1580.5330449834128 554.7925569497183 986.980924093341 505.5531513085289 995.8269550165874 398.91944305028176 1589.3790759066592 448.1588486914711 Screw 0
808.9575391932742 234.9878019387021 804.2308922627624 313.4678941027935 739.3484608067258 309.5601980612979 744.0751077372377 231.08010589720652 Screw 0
1380.0811541156168 823.8974751724443 1330.341659330275 694.0619252352296 1376.098845884383 676.5325248275558 1425.8383406697249 806.3680747647704 Screw 0
831.3366841770129 835.0400102076233 997.675576419715 669.7474727854192 1045.5053158229873 717.8799897923768 879.1664235802851 883.1725272145809 Screw 0
653.5345659191424 999.8181188202448 589.7311009678891 957.6325313504203 625.1734340808576 904.0278811797552 688.976899032111 946.2134686495797 Screw 0
639.2297572462811 339.2740210368659 425.3008403847376 433.5674326542574 396.88024275371873 369.08797896313405 610.8091596152622 274.79456734574256 Screw 0
