1200.9663823461544 1255.7863903937396 1233.522162594985 1030.1196246053546 1364.0736176538455 1048.9536096062602 1331.517837405015 1274.6203753946452 Screw 0
909.7300951827973 520.1892382921556 986.085887636959 231.8499273359542 1085.6539048172026 258.21676170784434 1009.298112363041 546.5560726640458 Screw 0
845.939929094177 1311.5092217422264 641.205577237093 626.5607442392395 745.6400709058229 595.3447782577737 950.3744227629069 1280.2932557607605 Screw 0
1699.4730526780368 1274.9168761994174 1595.7055105082522 686.8955614147899 1703.0469473219632 667.9531238005825 1806.8144894917477 1255.97443858521 Screw 0
1346.5265161771144 9.146086048850975 1346.5334838198523 960.1270860233257 1233.5334838228855 960.127913951149 1233.5265161801476 9.146913976674341 Screw 0
1657.5364954915617 562.7698648732173 1531.4878045693927 497.16827098398676 1554.7435045084385 452.48413512678275 1680.7921954306075 518.0857290160133 Screw 0
1050.9865516928062 1133.0286921693391 916.8273195733352 944.5195649045992 974.6734483071938 903.3513078306611 1108.8326804266649 1091.860435095401 Screw 0
1212.8683127391876 1325.619356458486 1345.524155753643 1295.6183673060582 1355.8916872608127 1341.460643541514 1223.2358442463571 1371.4616326939417 Screw 0
1660.918435008526 698.1652707735163 1592.03869623547 977.3117501486925 1495.921564991474 953.5947292264837 1564.80130376453 674.4482498513075 Screw 0
1082.8106856400884 1075.3908172118304 1119.2112868561546 1005.2766515168091 1173.6693143599116 1033.5491827881697 1137.2687131438454 1103.663348483191 Screw 0
1503.4570450385231 661.6359241589126 1542.311619207223 599.8352601967107 1594.422954961477 632.5980758410873 1555.5683807927771 694.3987398032892 Screw 0
