817.9134454559536 1422.1528613352393 757.5650813418716 1201.5618534546957 895.4965545440465 1163.8271386647607 955.8449186581284 1384.4181465453044 Screw 0
1306.2234236218408 106.54610285572458 1532.2701939108117 118.71349854770158 1524.476576378159 263.50389714427547 1298.429806089188 251.33650145229845 Screw 0
1124.4136805748017 1332.952027350732 1073.708800361429 1052.7782585079876 1171.1263194251983 1035.147972649268 1221.831199638571 1315.3217414920123 Screw 0
995.7708668280336 234.0955471815543 927.2769923582889 513.7199685776886 829.1771331719665 489.69045281844564 897.6710076417112 210.06603142231137 Screw 0
1301.1015804815827 1159.548177173978 1252.7897364338203 872.7832989885478 1354.3584195184173 855.671822826022 1402.6702635661798 1142.4367010114522 Screw 0
253.9731755827359 261.2295497819954 444.42512912784053 1192.9639826494586 331.754824417264 1215.9944502180047 141.3028708721594 284.26001735054126 Screw 0
666.2006365737833 1056.0753802745924 472.5757163942586 1288.766497598552 393.4013634262168 1222.8846197254077 587.0262836057415 990.1935024014481 Screw 0
1506.0928778039295 1327.7450764748792 1677.1621456573814 642.4389858693135 1792.5271221960704 671.2369235251208 1621.4578543426185 1356.5430141306865 Screw 0
1491.2224663679835 1001.5375749759328 1432.8403824114348 945.7208851054247 1478.0375336320167 898.4464250240671 1536.4196175885654 954.2631148945752 Screw 0
672.5678107514998 243.48152061535177 733.8335958334396 115.82822291296743 776.2061892485001 136.16447938464825 714.9404041665603 263.8177770870326 Screw 0
392.85223694909814 759.702030366818 763.0746315370106 300.64113837688615 846.3637630509018 367.8119696331819 476.14136846298925 826.8728616231137 Screw 0
384.22122818759 524.8142549159094 484.952047891177 311.07853480613585 548.34277181241 340.95374508409066 447.61195210882295 554.6894651938642 Screw 0
