229.58730213594896 65.17501747388849 879.4839931332926 770.3808675848353 791.976697864051 851.0249825261116 142.08000686670738 145.81913241516474 Screw 0
599.5173909800138 1227.0623319720726 283.6736167010548 333.319595862166 395.11260901998617 293.93766802792754 710.9563832989452 1187.680404137834 Screw 0
1402.8847329697956 1273.2046773600457 713.1864791781459 1074.9285027808758 746.0552670302045 960.5953226399545 1435.7535208218542 1158.8714972191244 Screw 0
914.8195156767805 1282.1954787992959 1076.6491803954614 586.4215447280061 1191.8004843232193 613.2045212007043 1029.9708196045385 1308.9784552719939 Screw 0
1076.7512512416251 599.7628498638869 521.7434502071085 397.82076208664716 556.5947487583749 302.03715013611304 1111.6025497928915 503.9792379133528 Screw 0
1074.2223748871534 369.05393371854484 480.6780370301778 340.20538049789934 486.0176251128466 230.34606628145517 1079.5619629698222 259.19461950210064 Screw 0
688.5905007609583 1196.2189351196187 727.2272668438329 957.6321095578177 798.5434992390417 969.1810648803815 759.9067331561671 1207.7678904421825 Screw 0
892.807222004973 1112.272245661188 970.0901799000103 891.4726515152886 1033.730777995027 913.747754338812 956.4478200999897 1134.5473484847114 Screw 0
585.1190756098019 624.0596464983106 810.3400253077575 795.494753294296 751.5889243901981 872.6783535016895 526.3679746922426 701.2432467057041 Screw 0
900.907513073184 458.1647670323914 619.0571081573023 385.9164686596714 643.942486926816 288.8352329676086 925.7928918426976 361.0835313403286 Screw 0
1226.4419110909523 641.59447932826 1301.1507997442566 928.5507102070966 1199.5380889090477 955.0055206717399 1124.8292002557434 668.0492897929033 Screw 0
937.6755861203726 949.1305193103627 775.532700758594 696.2890315130529 857.2744138796274 643.8694806896373 1019.417299241406 896.7109684869471 Screw 0
1096.9164177050131 616.6888465773055 942.3281517288458 783.0211403493862 836.5495822949867 684.7111534226946 991.1378482711541 518.3788596506139 Screw 0
768.077 148.0 996.0909999999999 148.0 996.0909999999999 282.2 768.077 282.2 Screw 0
