1109.979009763573 893.7148650446101 1103.2217588134893 1120.0540202069408 970.2809902364271 1116.08513495539 977.0382411865108 889.7459797930593 Screw 0
-1.1453773517332593 848.490109099372 941.3460022253925 641.0869722214392 964.4593773517332 746.1198909006279 21.96799777460751 953.5230277785607 Screw 0
677.715522086882 1068.8284509061039 658.2055058381366 933.2247663471153 704.7264779131181 926.531549093896 724.2364941618634 1062.1352336528846 Screw 0
917.263147535174 747.0581656892734 1616.9064398458013 766.8437527097751 1613.5168524648261 886.7038343107265 913.8735601541988 866.9182472902248 Screw 0
349.2760941247357 266.05522320680404 633.7939829461498 356.2401160747646 603.3059058752642 452.424776793196 318.7880170538503 362.2398839252354 Screw 0
1220.1271090418118 386.4228580694011 663.2712920017598 611.6917686044687 621.7808909581881 509.1291419305989 1178.6367079982401 283.86023139553134 Screw 0
710.6505441459112 318.9632494066189 704.1513928074319 84.11416008992698 777.1234558540887 82.09475059338108 783.622607192568 316.943839910073 Screw 0
618.6960657073276 1316.5461055128617 795.0309852914316 1071.7940981681463 876.9779342926723 1130.8338944871384 700.6430147085683 1375.5859018318538 Screw 0
730.1498057634594 159.75592155024447 614.0704709862082 225.9548466070067 589.7961942365405 183.39007844975555 705.8755290137917 117.19115339299334 Screw 0
470.95160294728146 1146.8257012584938 500.86865172479656 1080.7606974313255 560.0803970527186 1107.5742987415063 530.1633482752034 1173.6393025686746 Screw 0
760.3205186367877 910.8997671497534 758.9301584057016 833.6601798072654 822.3694813632123 832.5182328502465 823.7598415942985 909.7578201927345 Screw 0
