613.6400796118595 867.4525850394454 652.3722231386936 798.5989645259477 708.6759203881405 830.2714149605546 669.9437768613064 899.1250354740522 Screw 0
729.8499938302618 164.01282299233182 863.8206634446319 192.66347190430704 854.1180061697382 238.03317700766817 720.1473365553682 209.38252809569295 Screw 0
1605.7760915089136 1188.097305252655 669.8993563111737 1004.9237742182297 690.0239084910866 902.102694747345 1625.9006436888264 1085.2762257817703 Screw 0
965.6990436954613 651.3311334918648 1663.12911600571 600.8588564150253 1671.9009563045386 722.0688665081353 974.4708839942898 772.5411435849747 Screw 0
645.3932156077062 980.9148195562178 1226.321044857458 1044.1099398438719 1214.9667843922937 1148.4851804437822 634.0389551425419 1085.2900601561282 Screw 0
630.0631299727579 1069.4002026982748 858.0622475743992 1109.1720738746844 833.9848700272421 1247.199797301725 605.9857524256008 1207.4279261253155 Screw 0
1096.934271940595 249.55029780085397 1249.0030967767984 487.3509859178906 1171.2857280594048 537.049702199146 1019.2169032232015 299.2490140821094 Screw 0
627.7123826734288 380.3300496328434 747.3996691701497 647.6425837704178 659.3416173265713 687.0699503671567 539.6543308298504 419.7574162295823 Screw 0
1476.4198341031276 275.27672371540996 1310.246935294296 434.3679877825165 1215.0401658968724 334.9232762845901 1381.213064705704 175.83201221748357 Screw 0
1076.019231017486 768.8776615310346 1276.404127623646 679.762828528113 1303.7807689825142 741.3223384689654 1103.3958723763542 830.437171471887 Screw 0
1638.8587589536544 1149.9401490147861 1428.5075821171679 939.0963886055553 1495.7612410463455 871.999850985214 1706.112417882832 1082.843611394445 Screw 0
612.5957770165548 496.39599574506985 477.4847839106317 770.8929654021705 385.8802229834451 725.8040042549302 520.9912160893682 451.30703459782956 Screw 0
