523.5126978081245 1179.7561808942373 536.3028842651808 954.4068563458959 668.3913021918755 961.9038191057625 655.6011157348192 1187.253143654104 Screw 0
1120.548262692531 1351.2112883638977 1157.756601792028 1123.9460596498313 1291.2917373074692 1145.8087116361023 1254.083398207972 1373.0739403501686 Screw 0
1544.8806404327206 238.0295981755036 965.4716996702292 384.2566652338562 938.7993595672793 278.57040182449646 1518.2083003297707 132.34333476614384 Screw 0
778.408751296737 925.9403636156886 1008.6324194372404 943.0018305201316 1003.649248703263 1010.2436363843113 773.4255805627596 993.1821694798683 Screw 0
815.3205616102852 445.92367249016417 811.3561404361002 368.95680486542796 878.2674383897148 365.5103275098358 882.2318595638998 442.477195134572 Screw 0
685.4555686742784 344.807878384747 357.8430712365713 831.637538454497 270.6964313257216 772.9921216152529 598.3089287634288 286.162461545503 Screw 0
1540.6865485442543 1092.3345068878125 1664.3313955264505 897.1157056012836 1720.9334514557456 932.9654931121872 1597.2886044735494 1128.1842943987162 Screw 0
1468.390004791479 806.7854782455923 1529.9485944504818 684.3945470488958 1570.149995208521 704.6145217544077 1508.5914055495182 827.0054529511043 Screw 0
647.6146438800345 833.7198510137664 684.4942425063618 703.9027592224272 727.7813561199655 716.2001489862337 690.9017574936381 846.0172407775729 Screw 0
951.9468567207076 759.9789004314041 940.391031127754 687.8993409511656 1000.7591432792923 678.221099568596 1012.3149688722459 750.3006590488344 Screw 0
