1592.021920590427 951.5236720687479 1450.7894282793197 775.8525408843867 1562.2380794095732 686.2523279312521 1703.4705717206805 861.9234591156134 Screw 0
602.2681502988385 1261.2611456583445 571.2340621437038 1034.762351848357 714.8918497011616 1015.0788543416555 745.9259378562963 1241.5776481516432 Screw 0
1387.1866922408872 961.2387847269589 1375.3403307716962 673.2363190501156 1478.2533077591129 669.0032152730411 1490.0996692283038 957.0056809498843 Screw 0
1306.0709355870117 763.8125603528842 1321.6384874645846 628.8152011470868 1368.3290644129884 634.1994396471157 1352.7615125354155 769.1967988529132 Screw 0
1071.1622602723337 254.5147230459111 806.5713597335615 101.31607450069205 858.1817397276662 12.17927695408892 1122.7726402664384 165.37792549930796 Screw 0
1318.3497826564796 523.5252223855456 733.3906524813758 439.2410837544478 748.6502173435204 333.3347776144544 1333.6093475186242 417.6189162455522 Screw 0
746.3558638720294 1001.6761068363401 504.38977864956655 830.8969263191709 562.6301361279707 748.37989316366 804.5962213504336 919.1590736808291 Screw 0
207.6855872451613 718.7530569510342 1127.1509070968718 458.33424757085197 1156.8544127548387 563.2089430489658 237.38909290312813 823.627752429148 Screw 0
1436.1656816239076 226.05685031838695 1215.592531252568 401.95382009405546 1154.9743183760922 325.939149681613 1375.5474687474318 150.0421799059445 Screw 0
596.5020843547237 99.0573434448583 348.54093486941713 759.0120906403954 241.14991564527634 718.6626565551417 489.1110651305829 58.70790935960457 Screw 0
1085.6458053840388 696.3274416878924 1135.8226106852358 760.2049899840331 1083.1341946159614 801.5925583121077 1032.9573893147644 737.715010015967 Screw 0
497.44018181893153 905.641582465176 715.3859551143912 1001.3684526043596 686.8338181810684 1066.374417534824 468.88804488560874 970.6475473956405 Screw 0
