1253.5725315969873 149.92257856647626 1407.4774988064075 722.3114970731742 1310.9074684030127 748.2774214335238 1157.0025011935925 175.88850292682577 Screw 0
1652.7224273275604 625.1784316033625 925.5075105487633 1244.378608233188 846.3575726724396 1151.4215683966374 1573.5724894512366 532.2213917668118 Screw 0
809.926106175962 85.20260367811238 228.92420275092888 852.0029447223038 134.68389382403808 780.5973963218876 715.6857972490711 13.797055277696131 Screw 0
1217.815169769288 952.5184073914925 1356.3321206918679 765.3184609916295 1469.8048302307118 849.2815926085075 1331.287879308132 1036.4815390083704 Screw 0
804.0145038525948 1095.3868327426285 942.5316788496566 904.5865993260172 1056.3454961474051 987.2131672573714 917.8283211503433 1178.0134006739827 Screw 0
395.4635365146861 721.1933998931544 510.89444713483147 440.3933556029086 614.5564634853139 483.00660010684567 499.1255528651685 763.8066443970914 Screw 0
909.8216076000803 1245.0130502802601 1082.9676191791227 1000.2133709294283 1173.6983923999196 1064.38694971974 1000.5523808208771 1309.1866290705718 Screw 0
818.8383306757779 1397.1273912129598 811.1429566231442 1109.1271831797187 903.0056693242221 1106.6726087870404 910.7010433768559 1394.6728168202815 Screw 0
767.9167830702472 1262.5327948624824 798.698326528621 1021.3330085476512 857.7352169297528 1028.8672051375177 826.953673471379 1270.066991452349 Screw 0
1132.250073154686 428.3098133782826 874.4541421447583 277.1094622552625 928.189926845314 185.49018662171733 1185.9858578552416 336.69053774473747 Screw 0
818.9420234350049 404.1660211208565 753.5311022909781 184.56579429927535 814.4039765649951 166.43397887914352 879.8148977090219 386.03420570072467 Screw 0
618.9519744881924 307.28135834087465 1315.384813972858 476.4816034687297 1287.5820255118078 590.9186416591253 591.1491860271423 421.71839653127034 Screw 0
1115.2101604357672 931.795652349236 626.5527679369225 589.7954046004518 687.4358395642328 502.8043476507639 1176.0932320630775 844.8045953995481 Screw 0
574.4813568258401 516.4329804566639 1155.4834028462778 923.2331403878827 1093.49464317416 1011.7670195433361 512.4925971537223 604.9668596121173 Screw 0
