604.96583646175 402.30370011787056 592.2067137737173 631.3015241189552 449.42816353825003 623.3462998821295 462.1872862262828 394.3484758810449 Screw 0
508.97389744455006 970.9004753570165 532.926276948455 734.9933370247885 677.8661025554499 749.7095246429834 653.9137230515449 985.6166629752114 Screw 0
211.1269180279746 413.9404021107284 159.51365071848207 996.6590912203526 49.05708197202543 986.8755978892716 100.67034928151799 404.15690877964744 Screw 0
1237.3440599680684 137.61830967234025 672.2592293075874 317.41857151145814 639.2099400319315 213.54969032765976 1204.2947706924128 33.74942848854184 Screw 0
437.1463874286799 808.7686887592326 353.9054017152034 690.5410068846022 392.3356125713201 663.4833112407673 475.57659828479655 781.7109931153977 Screw 0
1094.0446011098636 372.64631979967317 911.0075417879666 516.0378299067654 864.7553988901363 456.99768020032684 1047.7924582120334 313.6061700932346 Screw 0
424.05312429115287 1313.044114263117 298.8219678384275 1254.729057009325 320.3508757088471 1208.4958857368829 445.5820321615725 1266.810942990675 Screw 0
1285.4649382172126 1096.5449326525904 1205.5177299699224 1077.088378847911 1220.4150617827875 1015.8750673474098 1300.3622700300778 1035.3316211520892 Screw 0
683.4543486164667 1314.6173615594973 732.4693528371234 1257.29273302569 781.2036513835332 1298.9626384405026 732.1886471628765 1356.28726697431 Screw 0
192.24402089725749 1082.0208076096258 398.3779089824845 957.1616061751015 434.1259791027425 1016.1791923903739 227.99209101751552 1141.0383938248983 Screw 0
