268.2356509098961 1150.5155332379811 336.40174809355847 929.3459031104533 473.0583490901039 971.4644667620189 404.8922519064415 1192.6340968895468 Screw 0
863.7006491771782 660.4373351023605 958.2634742784354 439.0264767645883 1092.9093508228218 496.5326648976395 998.3465257215646 717.9435232354117 Screw 0
631.8556738212435 675.1925723791542 641.2722606140185 594.1669225257026 707.8243261787566 601.9014276208459 698.4077393859816 682.9270774742974 Screw 0
1123.5131037876324 856.4642378076464 1169.674817431944 987.6356731219732 1121.5668962123675 1004.5657621923535 1075.405182568056 873.3943268780267 Screw 0
200.39557687119563 794.5600543149894 472.089202604159 266.0883341443862 569.0284231288043 315.9259456850107 297.33479739584095 844.3976658556139 Screw 0
1570.360858231892 874.953623990024 1606.3630123029357 740.6969857845154 1651.7591417681078 752.8703760099761 1615.7569876970642 887.1270142154847 Screw 0
1035.76343523813 153.28437827780857 612.3273965154754 566.4725052125821 536.20256476187 488.45962172219146 959.6386034845245 75.27149478741791 Screw 0
1327.503897641437 417.5344821057998 1340.642228905872 340.3189598860027 1404.0361023585629 351.1055178942002 1390.897771094128 428.3210401139973 Screw 0
1059.2571570157033 262.74226705424473 1265.6586486770793 148.94175183151395 1298.9428429842965 209.30973294575534 1092.5413513229205 323.11024816848607 Screw 0
974.0152880917783 996.0312180653972 869.4153121101424 1206.8201984454 807.3647119082218 1176.0287819346026 911.9646878898577 965.2398015545999 Screw 0
