1396.3942175591085 1018.1721077670469 1373.3450305060053 785.9541974819205 1515.6457824408915 771.8298922329531 1538.6949694939947 1004.0478025180795 Screw 0
387.3285850866556 1188.6029659731212 439.65394614564843 965.1527218133842 578.8874149133444 997.757034026879 526.5620538543515 1221.207278186616 Screw 0
662.0048922744634 1016.2994635352196 781.8958298277685 946.1137038072701 806.6511077255366 988.4005364647804 686.7601701722315 1058.58629619273 Screw 0
1330.108051978813 256.74129977659334 763.6637145314294 419.8736284634439 734.051948021187 317.05270022340665 1300.4962854685705 153.92037153655608 Screw 0
334.41381299831244 869.2454741031313 402.7887153693242 740.996823838286 445.6621870016876 763.8545258968686 377.2872846306758 892.1031761617139 Screw 0
1489.0563710630054 623.2698277100274 902.9787930341054 648.4442285128016 898.0436289369945 533.5501722899726 1484.1212069658945 508.37577148719834 Screw 0
842.1721505399823 974.7289462205339 903.8771977815868 748.2659335542015 972.3798494600176 766.9310537794662 910.6748022184131 993.3940664457986 Screw 0
1086.4073084605482 925.8197003980881 1163.1670823431516 906.2744033601414 1178.7126915394517 967.3262996019118 1101.9529176568483 986.8715966398586 Screw 0
588.3563608369966 702.7482005706913 646.0374315608531 648.2684149236325 691.3596391630033 696.2537994293086 633.6785684391468 750.7335850763675 Screw 0
625.3590537999338 560.0005179069186 402.64505186184044 637.5126513423942 379.4669462000663 570.9154820930813 602.1809481381596 493.40334865760576 Screw 0
