389.6454633345749 1243.5363573096652 685.9176492881502 325.53625793315075 793.520536665425 360.2636426903349 497.2483507118497 1278.2637420668493 Screw 0
1618.5843639944815 659.8450857184995 683.5945588723084 379.0455765618757 715.0356360055184 274.3549142815006 1650.0254411276915 555.1544234381245 Screw 0
405.06922609648956 464.0580845731274 420.46009283352015 1180.4577777933878 304.8307739035104 1182.9419154268726 289.4399071664798 466.5422222066122 Screw 0
1345.5309517464814 758.3231556152363 656.7929232875674 913.1229442279083 630.2610482535185 795.0768443847638 1318.9990767124325 640.2770557720918 Screw 0
1001.8905189415603 1346.6769092777772 544.0145318291769 968.6770508890995 608.3694810584396 890.7230907222229 1066.2454681708232 1268.7229491109006 Screw 0
626.5519028181315 248.2066824574194 511.1212532798035 824.2063503836775 414.2500971818685 804.7933175425806 529.6807467201965 228.7936496163224 Screw 0
1067.5498886870678 737.1095477653203 917.4897009851221 557.1095817018322 973.6501113129324 510.29045223467983 1123.7102990148778 690.2904182981679 Screw 0
926.742535030894 920.4372178766802 734.3576965376317 1057.2373860561138 691.2134649691059 996.5627821233198 883.5983034623682 859.7626139438861 Screw 0
861.0313256252457 1142.736950595378 1007.2440978957306 897.9365929445378 1095.5226743747544 950.663049404622 949.3099021042694 1195.4634070554623 Screw 0
1219.7076511676098 809.592379469457 1462.1126540864905 978.7923617859376 1402.49234883239 1064.207620530543 1160.0873459135094 895.0076382140624 Screw 0
1004.7532896907743 1004.7139239355399 1295.8019552076164 906.7225329623259 1328.9867103092254 1005.2860760644601 1037.9380447923834 1103.2774670376741 Screw 0
673.5765545896738 650.9304540794047 735.1396167929588 366.53034236853625 832.7954454103262 387.66954592059517 771.2323832070413 672.0696576314637 Screw 0
552.1519081948179 1146.5596440629306 694.5169171937696 955.7593091242088 808.0080918051822 1040.4403559370694 665.6430828062305 1231.2406908757912 Screw 0
927.4847018712227 402.11668525757415 862.0739446703784 628.9166031993852 713.5572981287772 586.083314742426 778.9680553296215 359.28339680061487 Screw 0
