966.1336944675448 1048.1143837137902 1067.976895068496 840.8802042443929 1199.9063055324552 905.7156162862098 1098.063104931504 1112.949795755607 Screw 0
627.9448929646844 127.52530598959015 565.4818620095432 719.2375415939395 459.07310703531556 708.0046940104098 521.5361379904568 116.29245840606052 Screw 0
982.8261108253503 713.8753772250293 1684.8585871328535 680.634604512064 1690.0138891746499 789.5126227749706 987.9814128671467 822.7533954879359 Screw 0
1139.493652580528 95.06681447208132 1304.1584506948345 339.54855194540414 1222.0463474194719 394.8531855279187 1057.3815493051654 150.37144805459587 Screw 0
826.8226841997174 1173.7065240065688 813.8636432043783 950.137790967977 886.7413158002827 945.9134759934311 899.7003567956218 1169.4822090320229 Screw 0
882.6994676875764 368.9161426551505 874.2629194105956 293.6371110244224 938.8585323124236 286.39785734484946 947.2950805894044 361.6768889755776 Screw 0
1396.7458956773376 318.2959411011214 1446.9580819621924 611.6953081309346 1345.4341043226623 629.0700588988786 1295.2219180378074 335.67069186906537 Screw 0
616.623910897566 734.2858593749943 745.044363874445 690.7448619333509 760.778089102434 737.1501406250056 632.357636125555 780.691138066649 Screw 0
796.3185119099593 918.2488111288137 868.2987908703648 885.2045534034205 895.4174880900408 944.2771888711864 823.4372091296353 977.3214465965796 Screw 0
659.0391111854572 1283.0558921805696 257.03659410984625 418.9344289701752 355.6668888145429 373.0501078194303 757.6694058901537 1237.171571029825 Screw 0
667.34710987933 768.7382635953013 685.518076651015 903.0284723321349 627.0508901206699 910.9397364046988 608.8799233489849 776.6495276678652 Screw 0
