404.7136930351827 363.2411633967516 820.2649463452982 946.4410388154561 720.7363069648173 1017.3588366032484 305.18505365470185 434.1589611845439 Screw 0
1082.4202932331345 1341.3047227918853 1159.3740849285814 628.5046489228557 1270.4397067668656 640.4952772081147 1193.4859150714187 1353.2953510771442 Screw 0
430.59443638520196 1303.7063551406375 1319.4117195075298 936.5059924678269 1364.355563614798 1045.2936448593625 475.53828049247016 1412.494007532173 Screw 0
750.4630793189737 1335.2257479545156 1192.9479376208174 492.82594687749895 1286.8969206810261 542.1742520454844 844.4120623791823 1384.574053122501 Screw 0
1274.0162521527093 202.99928008979867 889.2469567947254 663.7993362418358 801.8237478472909 590.8007199102012 1186.5930432052746 130.00066375816408 Screw 0
997.1725497730364 1352.8671845962454 1120.2988357979045 769.6668135180693 1221.0274502269633 790.9328154037547 1097.9011642020953 1374.1331864819308 Screw 0
967.3220596741393 828.9788354883883 1067.3622072050953 605.7789391667625 1139.2979403258605 638.0211645116117 1039.2577927949046 861.2210608332375 Screw 0
859.2633299538109 746.7771515222045 647.640259415507 624.3772092961555 681.7386700461891 565.4228484777956 893.361740584493 687.8227907038446 Screw 0
684.1087037931675 465.7668084262775 603.3071424473367 181.3664251282307 695.2892962068324 155.23319157372245 776.0908575526632 439.63357487176927 Screw 0
792.839499492031 543.3464606332243 708.1900847058781 820.5466827568039 609.6445005079689 790.4535393667757 694.2939152941218 513.2533172431961 Screw 0
1059.4446588186865 538.3658851211976 767.0199555890259 613.9658220394574 743.2013411813133 521.8341148788024 1035.626044410974 446.2341779605425 Screw 0
972.3637434222708 1075.8864070273316 1072.4038254165855 795.0867671796802 1161.1762565777292 826.7135929726683 1061.1361745834145 1107.5132328203197 Screw 0
1249.6706215930928 602.9153267712593 1472.8370639939387 660.515408248197 1437.949378406907 795.6846732287406 1214.7829360060612 738.0845917518029 Screw 0
454.6978136228954 403.3694167211796 585.5196467944356 208.96902997866903 705.3821863771045 289.6305832788204 574.5603532055643 484.030970021331 Screw 0
