1612.1199042352468 809.9736854934921 1409.0505448670642 709.9539448879697 1468.620095764753 589.0103145065078 1671.6894551329356 689.0300551120303 Screw 0
624.6170238976317 577.3114459262848 892.5590172780851 444.615974325672 936.4949761023684 533.3325540737152 668.552982721915 666.028025674328 Screw 0
288.48697835643884 917.0127330102482 589.3610047493911 11.102705617299478 694.7030216435613 46.08926698975182 393.82899525060895 951.9992943827006 Screw 0
1183.8815027435865 61.02185976163781 1261.1073777123445 771.8391107026303 1143.3184972564134 784.6361402383623 1066.0926222876553 73.81888929736982 Screw 0
1326.3424513311295 561.936214486205 1207.226607719411 492.8474555983177 1232.4175486688707 449.4157855137949 1351.5333922805892 518.5045444016822 Screw 0
1293.8439883081066 582.1886494919532 1343.4765076505298 546.5187634803048 1379.0760116918934 596.0533505080467 1329.4434923494703 631.7232365196952 Screw 0
1315.1323376978032 50.71231863069542 1411.3040562830959 321.3274382385091 1315.147662302197 355.49968136930454 1218.9759437169043 84.88456176149086 Screw 0
1588.7894111831367 247.47555620067448 1451.6450160086076 252.2073579941371 1449.6105888168634 193.24244379932554 1586.7549839913925 188.5106420058629 Screw 0
1406.4176493049945 289.4651908310741 1619.3781505654151 197.86973116242928 1646.4623506950056 260.84080916892594 1433.501849434585 352.43626883757076 Screw 0
1264.3795637224518 1020.4356850936608 1716.8312314911848 658.3236533157979 1789.5804362775482 749.2223149063391 1337.1287685088153 1111.334346684202 Screw 0
1525.1651020408635 616.7835460304462 1486.1059571619157 552.1275110409314 1539.1148979591367 520.1044539695537 1578.1740428380845 584.7604889590685 Screw 0
