589.3007936735556 451.97651998394207 788.2188701452245 332.4631631872589 856.8672063264443 446.7214800160579 657.9491298547754 566.234836812741 Screw 0
708.7522722489115 1056.5247331495532 791.9346972321015 769.7262078780379 889.1877277510886 797.9332668504469 806.0053027678986 1084.7317921219621 Screw 0
1348.6265969441565 558.4432707643351 785.5437269083446 387.45847812699833 816.6334030558438 285.0747292356649 1379.7162730916557 456.0595218730017 Screw 0
1292.994949130087 594.6451070751019 1482.4701254592926 359.1117053015606 1562.7250508699128 423.67289292489806 1373.2498745407072 659.2062946984394 Screw 0
1236.435405625941 1109.167772181333 977.190783626167 440.67601758431914 1090.004594374059 396.926227818667 1349.2492163738332 1065.4179824156809 Screw 0
355.872500875119 963.8257157424987 374.6519513657466 891.4958725014819 437.74949912488097 907.8782842575013 418.9700486342534 980.208127498518 Screw 0
253.6810998873517 432.18960285531676 1126.0045131063102 47.85061983248312 1170.7589001126485 149.4283971446833 298.4354868936897 533.7673801675169 Screw 0
911.8214371021868 668.9650923063335 1015.1954421226019 752.64791662554 986.7385628978132 787.8009076936665 883.364557877398 704.1180833744601 Screw 0
660.8536863797503 700.6924421222943 774.4105900715888 900.6861167220738 714.4083136202496 934.7555578777058 600.8514099284112 734.7618832779262 Screw 0
796.789792588345 513.5000287274705 744.6611610795459 643.4546599532174 699.766207411655 625.4459712725294 751.8948389204542 495.49134004678257 Screw 0
1006.8194961141434 767.0365042789385 965.2533942951667 702.2193832415578 1016.5005038858565 669.3554957210615 1058.0666057048331 734.1726167584422 Screw 0
