1037.8708408853431 571.7098929374138 1206.4933647619187 12.534300971443201 1308.7491591146568 43.370107062586214 1140.1266352380812 602.5456990285568 Screw 0
1446.7745446385572 812.7961527566829 525.74298873217 1044.9122916282815 500.08345536144265 943.0958472433172 1421.11501126783 710.9797083717185 Screw 0
868.7569426190587 1195.705161886384 933.9835075660114 977.5077928160377 1060.0550573809412 1015.1948381136159 994.8284924339885 1233.3922071839622 Screw 0
407.37839778886814 1243.0749667475015 338.76218853442504 955.3485379083168 435.5576022111319 932.2650332524986 504.173811465575 1219.9914620916834 Screw 0
156.32511221369148 1266.0309987306398 93.92070724934779 986.5257143261294 187.69488778630847 965.5890012693601 250.09929275065218 1245.0942856738704 Screw 0
823.8213131365807 770.3083464809696 740.4619362117922 661.1178917346364 778.7446868634194 631.8916535190305 862.1040637882078 741.0821082653637 Screw 0
648.9792899517981 521.4448315439996 691.1856767228958 296.05963521396444 755.776710048202 308.15516845600035 713.5703232771043 533.5403647860355 Screw 0
854.665115529892 637.2045728659338 833.5697134569403 563.1506464921046 893.7848844701081 545.9974271340662 914.8802865430597 620.0513535078954 Screw 0
351.91897636200315 584.1420799535442 373.002542908839 446.1838369172358 415.50902363799685 452.67992004645566 394.425457091161 590.6381630827641 Screw 0
508.1400858036423 203.7804397556749 585.3305982144998 190.47651658582518 595.9759141963577 252.2415602443251 518.7854017855002 265.5454834141748 Screw 0
655.4937899179354 937.1535362088495 -28.875887258309206 749.7485357774766 1.3222100820646006 639.4704637911506 685.6918872583092 826.8754642225234 Screw 0
