547.1690810159104 1254.4768900539343 390.836420824942 1088.143382549838 487.87091898408966 996.9431099460659 644.203579175058 1163.2766174501621 Screw 0
1503.5416706500362 1123.0616822848237 1288.2192820929074 1056.0229899120395 1329.4983293499638 923.4383177151764 1544.8207179070926 990.4770100879604 Screw 0
431.1606128889565 975.1600021989808 433.8626905390182 839.3768851469223 480.8533871110435 840.3119978010192 478.1513094609818 976.0951148530777 Screw 0
1214.499263132932 1161.7438648339992 1087.2434175062126 1111.037711855997 1104.640736867068 1067.3761351660007 1231.8965824937873 1118.0822881440029 Screw 0
1380.4894483845533 736.8542553086329 871.7321757981558 437.5472047895212 926.2105516154465 344.9457446913671 1434.967824201844 644.2527952104788 Screw 0
170.87018894716607 753.7850931633692 548.5775830059129 292.2113045202633 627.5258110528339 356.8149068366307 249.8184169940871 818.3886954797366 Screw 0
700.8626570308021 255.83883593852238 880.5087764835652 407.30167739332796 837.3213429691979 458.52516406147765 657.6752235164348 307.06232260667207 Screw 0
705.9100117922151 909.4043728027008 520.4167661036181 772.0089045371507 561.905988207785 715.9956271972993 747.3992338963819 853.3910954628494 Screw 0
958.5637919963779 1179.6755830497407 918.0605415281884 1119.5965595962832 969.1342080036222 1085.1644169502595 1009.6374584718117 1145.243440403717 Screw 0
1075.2940754816773 925.0906001366782 1017.4073523505095 874.3153376052492 1058.485924518323 827.4833998633219 1116.3726476494908 878.2586623947509 Screw 0
