1206.774747871561 1298.8782260115036 356.4337790555999 856.0781075278554 403.4852521284391 765.7217739884964 1253.8262209444001 1208.5218924721446 Screw 0
1086.518933826911 209.66624213904925 328.5233173091487 792.8665204833392 262.09906617308883 706.5337578609508 1020.0946826908512 123.33347951666087 Screw 0
526.9540447812522 1186.100418191087 1207.9957337608691 1351.7005476227719 1179.4979552187478 1468.899581808913 498.4562662391309 1303.2994523772281 Screw 0
1130.294415865429 222.91087827844802 1099.5125274327165 935.7105378185715 987.8655841345707 930.8891217215519 1018.6474725672832 218.08946218142836 Screw 0
1634.8011132624504 822.0743233568212 1115.362151361721 1102.8742775955868 1064.3588867375495 1008.5256766431787 1583.7978486382788 727.7257224044131 Screw 0
1136.2416716193113 726.4581438950732 1267.0629377823095 892.0578294035607 1212.7783283806887 934.9418561049268 1081.9570622176905 769.3421705964394 Screw 0
1048.5671461845823 597.5342955875494 871.5735398579811 763.134014112383 819.4888538154178 707.4657044124506 996.4824601420189 541.865985887617 Screw 0
567.4401017239304 626.6215118107872 763.6726074996893 752.6214184812555 688.8318982760695 869.1784881892128 492.5993925003106 743.1785815187444 Screw 0
1243.154125277651 1150.875880880152 1173.89561938305 924.0760469246408 1302.1058747223492 884.9241191198479 1371.3643806169503 1111.723953075359 Screw 0
850.6711567176128 954.1707805350336 531.3121369104074 925.3706851744105 540.2708432823872 826.0292194649664 859.6298630895926 854.8293148255896 Screw 0
1237.0380280462316 753.6119638630598 1098.5208851777968 480.01182371769073 1185.0819719537683 436.1880361369401 1323.599114822203 709.7881762823092 Screw 0
1380.4017367004083 884.713800250696 1118.7583551429946 773.1138746808209 1157.1582632995917 683.086199749304 1418.8016448570054 794.686125319179 Screw 0
1216.0658640132124 391.43353185070873 1470.013580175625 251.03378797311234 1513.8741359867877 330.3664681492912 1259.926419824375 470.7662120268876 Screw 0
243.9843274283682 1196.8111515851563 821.1386880647694 1031.2109119645963 850.6856725716318 1134.1888484148437 273.5313119352306 1299.7890880354037 Screw 0
