1044.646866544077 553.1349801498662 961.3444530295853 340.3444419963556 1088.0531334559228 290.74101985013374 1171.3555469704143 503.53155800364436 Screw 0
639.4324847916088 218.41430981367486 812.9262579778434 68.33495791407691 899.2615152083912 168.1396901863251 725.7677420221565 318.2190420859231 Screw 0
1457.0583141455243 888.3574330149245 1357.101015360968 798.0879052400717 1388.6016858544756 763.2065669850756 1488.558984639032 853.4760947599284 Screw 0
452.9582228193866 194.60963158072968 529.4117238188741 783.2000311031152 421.3197771806134 797.2403684192703 344.86627618112595 208.64996889688484 Screw 0
768.2374089101709 783.7744862167373 701.0225489529012 900.8244036747373 660.2645910898291 877.4195137832627 727.4794510470988 760.3695963252627 Screw 0
1629.1374950476315 523.1929847746318 1135.8052107841804 187.83091322746705 1197.0025049523683 97.80701522536825 1690.3347892158195 433.169086772533 Screw 0
1010.823708101797 626.6019798051298 1046.9690946199185 697.6209095172537 989.040291898203 727.1040201948701 952.8949053800817 656.0850904827462 Screw 0
556.8796228315078 1074.116232292964 526.1009898478866 1005.722696402066 583.9623771684923 979.683767707036 614.7410101521135 1048.077303597934 Screw 0
463.2025123555285 1209.8677861134129 671.8653351778418 1101.406665909794 704.5734876444716 1164.332213886587 495.9106648221583 1272.793334090206 Screw 0
1112.766688660428 1361.2664336265702 1105.0947576237204 1124.3906402787316 1172.313311339572 1122.2135663734298 1179.9852423762795 1359.0893597212685 Screw 0
