1324.646272705766 244.91674953670076 1463.163695459049 1180.9167544671432 1355.273727294234 1196.8832504632992 1216.756304540951 260.8832455328568 Screw 0
1220.0726073370327 819.2105807427064 627.5272016412582 855.2108200867741 621.0493926629674 748.5894192572936 1213.5947983587419 712.5891799132258 Screw 0
683.4865092012735 426.0402116983548 60.56871922500585 1139.3287458358961 -30.896509201273545 1059.4517883016451 592.0212807749942 346.1632541641038 Screw 0
456.43501414513906 1051.6748659724296 437.19640270878534 745.6750479234624 538.194985854861 739.3251340275704 557.4335972912147 1045.3249520765376 Screw 0
1002.0320512591427 1189.7359680154864 963.5549822937085 962.9356663295557 1100.7279487408575 939.6640319845137 1139.2050177062918 1166.4643336704444 Screw 0
1405.017665395321 606.8573393727874 1266.5004243031192 416.0571539399508 1378.7823346046791 334.5426606272126 1517.299575696881 525.3428460600492 Screw 0
1526.9816989248936 1131.6048012330866 1346.139902466197 897.6047449305479 1426.1183010751063 835.7951987669135 1606.9600975338028 1069.7952550694522 Screw 0
616.6647603100548 875.8379061521547 1309.2496747645341 757.0379639380211 1328.3452396899452 868.3620938478454 635.7603252354659 987.1620360619789 Screw 0
794.7307790549428 265.86623451828166 1314.169371707903 568.266388393428 1258.009220945057 664.7337654817184 738.5706282920969 362.33361160657205 Screw 0
498.0279689483283 748.3793386352555 1175.2222921798543 557.5796473802762 1208.4240310516716 675.4206613647444 531.2297078201458 866.2203526197237 Screw 0
794.4546100305017 711.8950685122122 663.632972878753 449.09522076884656 750.3953899694982 405.9049314877878 881.2170271212469 668.7047792311535 Screw 0
557.564323370562 648.677902134124 569.1073235587145 443.47830729374346 640.993676629438 447.52209786587605 629.4506764412855 652.7216927062566 Screw 0
1355.795820824914 1239.6642713317426 1117.2388509230225 1074.0644135050281 1170.224179175086 997.7357286682575 1408.7811490769775 1163.335586494972 Screw 0
1182.9522318174318 1235.6773844899778 1040.5873329585147 1062.8773172536182 1092.9677681825683 1019.7226155100223 1235.3326670414854 1192.5226827463819 Screw 0
