67.43701655070026 468.63866547021496 594.5712557021614 954.6382026821451 507.79298344929975 1048.761334529785 -19.341255702161334 562.761797317855 Screw 1
1093.3431318065718 341.69181496334835 419.9960485010836 154.49152482203493 455.3548681934283 27.308185036651665 1128.7019514989165 214.50847517796507 Screw 1
1826.70588996117 440.9496514208622 1253.3996251092428 1204.1496085864349 1164.87411003883 1137.6503485791377 1738.180374890757 374.45039141356506 Screw 1
581.626067254901 1113.9145182028944 208.39929856102597 235.51434428480565 312.963932745099 191.0854817971055 686.1907014389741 1069.4856557151943 Screw 1
936.3392309611783 773.8187064680819 709.3252903180968 1310.2191979617974 612.3587690388218 1269.181293531918 839.3727096819033 732.7808020382026 Screw 1
1287.7027194181035 473.01298561158745 695.1575115344808 404.612934338549 707.3272805818965 299.1870143884126 1299.8724884655192 367.58706566145105 Screw 1
1184.8640254624074 834.5388034793804 1034.8038377604616 654.5388374158923 1087.1959745375925 610.8611965206197 1237.2561622395383 790.8611625841078 Screw 1
1113.8763460251691 353.9203936548763 1086.9423303337255 116.32012075365873 1154.3436539748307 108.67960634512372 1181.2776696662743 346.2798792463413 Screw 1
993.4581919700224 1290.9204983420934 939.590423001533 1006.5200442015323 1028.5018080299776 989.6795016579065 1082.3695769984672 1274.0799557984676 Screw 1
455.49558822219245 631.9239470339414 371.14223968748485 348.51811992380215 466.02841177780755 320.2760529660586 550.3817603125152 603.6818800761979 Screw 1
1225.2318929183775 456.8297188575399 1509.961339165638 381.2297422389702 1535.4881070816223 477.3702811424602 1250.7586608343618 552.97025776103 Screw 1
811.9790237673911 983.2519343529543 923.5619571241674 698.8522771458875 1017.6009762326088 735.7480656470457 906.0180428758325 1020.1477228541125 Screw 1
488.1245299337421 521.8690346628828 668.9660313404339 377.8693115069909 756.6054700662579 487.9309653371172 575.7639686595661 631.930688493009 Screw 1
655.6468935988786 245.495940789223 582.7775837164817 461.0912900114713 446.71710640112144 415.104059210777 519.5864162835184 199.5087099885287 Screw 1
