182.7673777155365 1142.5410412191043 345.81592938946056 974.468387220794 448.4546222844635 1074.0389587808957 285.4060706105394 1242.1116127792059 Screw 1
797.7576720956529 575.489562551214 851.1860480201069 273.1653413464365 954.5503279043471 291.43243744878606 901.1219519798931 593.7566586535636 Screw 1
634.2045385272849 1005.1206672645736 1225.0435567620511 991.3273887791134 1227.447461472715 1094.2993327354263 636.6084432379488 1108.0926112208865 Screw 1
695.3743544667259 718.1583930311847 802.8743426309263 634.6444125925973 832.935645533274 673.3396069688154 725.4356573690736 756.8535874074028 Screw 1
381.8079041488115 460.12041819811384 424.8186373624572 229.9973370167065 494.61009585118853 243.04158180188617 451.5993626375428 473.1646629832935 Screw 1
540.4319580700869 1339.7248198257857 405.27895044759555 1372.4987336993959 393.2600419299131 1322.935180174214 528.4130495524045 1290.161266300604 Screw 1
419.76585095296184 607.6559438310251 691.5035956727041 510.03737134285484 725.6501490470381 605.090056168975 453.9124043272958 702.7086286571453 Screw 1
499.18255358692113 875.8311083381784 464.3950164673587 811.871950441009 521.4954464130789 780.8148916618215 556.2829835326414 844.774049558991 Screw 1
196.92885559979658 617.3683660432569 720.2914130759082 1105.486628058789 642.0311444002034 1189.3976339567432 118.66858692409181 701.2793719412111 Screw 1
1219.5639004936988 168.64893770178372 273.7648796427321 153.52086586982625 275.5400995063013 42.535062298216275 1221.3391203572678 57.66313413017376 Screw 1
94.92534760360668 836.7975091622425 157.84742764771676 791.0086003771162 194.3666523963933 841.1924908377575 131.44457235228322 886.9813996228838 Screw 1
