970.6308279165138 950.0281764910309 1030.3189805355275 727.7144805433244 1159.2691720834862 762.3358235089692 1099.5810194644725 984.6495194566756 Screw 1
1681.630441617262 395.0681953399451 1570.123257830789 594.9910325872436 1446.309558382738 525.9338046600549 1557.816742169211 326.0109674127564 Screw 1
158.76137725023307 684.2246084087602 180.84706341287637 383.09343090180516 279.970622749767 390.36339159123975 257.88493658712366 691.4945690981948 Screw 1
338.41958042400273 857.6661251097319 874.1463817508181 1305.6156645939675 800.5664195759973 1393.6138748902683 264.8396182491819 945.6643354060327 Screw 1
961.3996553342623 304.46510553785095 798.0668687625056 865.4950517213903 697.2523446657377 836.144894462149 860.5851312374945 275.11494827860963 Screw 1
1291.0004298075362 1044.0391269762474 1127.1394300087243 1285.0137688494822 1043.6195701924637 1228.2208730237528 1207.4805699912756 987.2462311505179 Screw 1
568.2850364396859 254.2389575923416 803.6673893313789 417.93570530337723 748.284963560314 497.57104240765835 512.902610668621 333.8742946966227 Screw 1
1348.7040723559844 534.4286327239018 1181.8023256361462 300.7534345901099 1260.7359276440156 244.3753672760981 1427.6376743638539 478.05056540989005 Screw 1
1385.9553036324571 1016.9228703731583 1206.5594170644029 1152.019304476586 1166.464696367543 1098.7771296268415 1345.8605829355972 963.6806955234138 Screw 1
765.9833877843265 1234.1542624171952 905.6573556043123 293.9686229132612 1018.3466122156734 310.70973758280473 878.6726443956876 1250.8953770867388 Screw 1
1115.367851558943 414.87170189204255 1198.3644731102597 407.2756632324864 1203.9521484410573 468.3282981079575 1120.9555268897404 475.92433676751364 Screw 1
1183.3453209767868 254.8617298677297 1215.1617393112151 389.87761530484653 1157.7346790232132 403.41027013227034 1125.9182606887848 268.3943846951535 Screw 1
