423.9905562374886 189.01093938940505 1166.5952590335844 801.0110608347545 1093.9254437625113 889.1890606105951 351.32074096641554 277.1889391652456 Screw 1
1429.7633768449941 412.1018211989953 1225.8352765394648 1348.1012569652664 1119.3366231550058 1324.8981788010046 1323.2647234605352 388.8987430347335 Screw 1
1313.5033618347888 867.0248044868796 1652.100773443654 255.0245383261721 1755.0366381652111 311.9751955131204 1416.439226556346 923.9754616738279 Screw 1
454.755846301511 647.7009336777472 1139.6458699076925 842.1008786101578 1109.332153698489 948.8990663222527 424.44213009230754 754.4991213898421 Screw 1
1623.873021879277 1151.5444796327522 1104.434240942193 856.3445484342577 1156.086978120723 765.4555203672479 1675.5257590578071 1060.6554515657424 Screw 1
981.2737024656985 142.2745192948385 1348.1843942157907 604.3097390340581 1252.5062975343017 680.2894807051614 885.5956057842095 218.2542609659419 Screw 1
1099.397832278409 318.1346113000172 914.7081581544232 454.934871416641 834.068167721591 346.06538869998286 1018.7578418455766 209.26512858335906 Screw 1
841.3051015380273 1168.5471496561815 949.0405152582242 959.7472392957172 1076.7708984619728 1025.6528503438183 969.0354847417758 1234.4527607042826 Screw 1
1231.962649661425 991.7732168152924 1456.848462434747 1170.0857828707515 1394.0973503385749 1249.2267831847078 1169.211537565253 1070.9142171292485 Screw 1
503.313382603895 770.7662110278238 622.5920976697175 489.9658634706202 718.330617396105 530.6337889721763 599.0519023302825 811.4341365293799 Screw 1
853.7607959923074 333.3636692375935 923.0192277955724 606.9638200492341 833.4532040076925 629.6363307624065 764.1947722044275 356.0361799507659 Screw 1
490.25469650898816 583.0325412159466 674.9438674456884 349.03274430425193 750.627303491012 408.76745878405336 565.9381325543117 642.767255695748 Screw 1
920.7541402221059 574.5667147452089 1120.8340599952219 452.16684463260026 1158.925859777894 514.4332852547911 958.8459400047778 636.8331553673997 Screw 1
629.4607808738508 949.8304431898993 864.1700411988086 982.2304021823294 853.8252191261492 1057.1695568101006 619.1159588011915 1024.7695978176705 Screw 1
