1445.5528705876507 82.79971603795092 1535.1862399019603 291.3452198719213 1403.8071294123495 347.8122839620491 1314.1737600980398 139.26678012807872 Screw 1
794.2118338690407 504.00740181760005 1004.9373560197846 419.6050658647587 1056.8741661309593 549.2745981823998 846.1486439802154 633.6769341352413 Screw 1
421.3330538484315 870.3115556610593 708.0624614977166 783.9325040739408 737.7729461515685 882.5544443389407 451.04353850228335 968.9334959260592 Screw 1
575.2597208128401 471.58234879379734 854.6357434242574 373.64824888051476 886.3262791871599 464.0516512062027 606.9502565757426 561.9857511194853 Screw 1
630.2553943243313 158.06546522627534 1326.7648999411576 99.11202100624578 1336.1266056756688 209.71653477372465 639.6171000588424 268.66997899375417 Screw 1
1258.9410962339814 683.1327256208531 1258.659005404437 547.4910189493287 1305.6589037660185 547.393274379147 1305.9409945955629 683.0349810506714 Screw 1
1586.5526577451678 63.61937084719551 1798.120695458459 262.206918239139 1728.107342254832 336.7966291528045 1516.5393045415408 138.209081760861 Screw 1
1098.9587984058292 1035.2350923242113 1104.9132208211402 801.6719805648839 1174.2212015941707 803.4389076757888 1168.2667791788597 1037.0020194351162 Screw 1
516.6071001738305 343.98610377593013 800.617704488933 370.0713308704035 791.7028998261694 467.1338962240699 507.6922955110669 441.04866912959653 Screw 1
1803.1269153149292 776.7443462321867 1324.6446941815593 422.4946963124203 1390.693084685071 333.28365376781335 1869.1753058184408 687.5333036875799 Screw 1
1049.247094568533 211.9468738397988 1123.3166596165345 178.67121525518405 1150.772905431467 239.78712616020115 1076.7033403834655 273.06278474481593 Screw 1
763.6283790385013 975.0520983664927 1277.5832362153697 182.07239134663143 1369.0516209614987 241.3559016335072 855.0967637846304 1034.3356086533686 Screw 1
