966.8546488025024 594.7466926859569 1025.3003123921249 540.0635153630482 1066.6453511974978 584.2533073140431 1008.1996876078753 638.9364846369518 Screw 1
1377.1661443813714 27.005468677548848 1369.4160128179333 168.4042338127133 1318.1538556186288 165.59453132245113 1325.9039871820669 24.195766187286708 Screw 1
451.63364236253443 843.4900095287853 1218.142246440806 302.9141443720255 1281.7523576374656 393.1099904712146 515.2437535591939 933.6858556279744 Screw 1
1317.6605129583945 540.3467343857301 1090.3240944852687 1207.2930305481812 985.1794870416057 1171.4532656142699 1212.5159055147315 504.5069694518188 Screw 1
1372.2759637879353 362.07717610042516 787.6892519776885 434.0450604300594 775.1040362120649 331.81682389957484 1359.6907480223117 259.8489395699406 Screw 1
990.4914622926544 844.6873497544802 1156.763141010881 709.9648317509079 1199.9285377073456 763.2386502455197 1033.656858989119 897.961168249092 Screw 1
1677.2479755793797 500.4394504845437 1424.1126540606638 356.9002258815933 1471.8520244206202 272.71054951545625 1724.9873459393361 416.24977411840666 Screw 1
1432.1310599093515 1224.223922603725 1344.7998082356596 955.3511971719581 1436.4089400906485 925.5960773962752 1523.7401917643404 1194.468802828042 Screw 1
763.9762727568498 1100.5292474826601 897.6542041977839 839.6639229765601 985.7597272431503 884.81275251734 852.0817958022162 1145.67807702344 Screw 1
853.6121934443738 195.24678664620413 593.2222248000235 344.33222064427844 545.0258065556261 260.1532133537959 805.4157751999765 111.06777935572157 Screw 1
1695.3036963569093 213.42425531132452 1473.7210583455735 269.99501305715404 1439.7363036430907 136.87974468867546 1661.3189416544265 80.30898694284595 Screw 1
1183.7182702960558 1141.2434251349544 1284.1963948262319 935.1447233925649 1407.7017297039442 995.3565748650456 1307.2236051737682 1201.455276607435 Screw 1
