1249.0907459466393 939.0390253618576 1141.655574548001 736.1007420574373 1259.4492540533606 673.7409746381423 1366.884425451999 876.6792579425627 Screw 1
444.36801939957775 368.9753680367838 638.4843928073443 141.61327024777995 716.8179806004222 208.49263196321624 522.7016071926556 435.85472975222 Screw 1
472.7863681424421 809.0137197506837 1021.1899646922986 584.2561490946945 1062.5256318575578 685.1142802493163 514.1220353077013 909.8718509053055 Screw 1
1142.7578255252408 447.1335652072132 855.0636689042417 444.02040489460046 856.1781744747591 341.02643479278674 1143.8723310957582 344.1395951053995 Screw 1
823.1926451812404 628.2058307613328 705.4140364808715 556.0961273046872 729.9553548187595 516.0121692386673 847.7339635191285 588.1218726953128 Screw 1
1222.6171153645407 653.95724846255 1140.2942658618306 442.8453291525449 1206.4428846354592 417.0507515374501 1288.7657341381694 628.1626708474552 Screw 1
188.1321326487333 484.4214326872694 562.9473565381473 1085.189266667026 462.0498673512667 1148.1385673127306 87.23464346185264 547.3707333329739 Screw 1
1165.1073734397655 706.5703276462687 1185.7342761858313 573.8941663244082 1234.1526265602347 581.4216723537313 1213.525723814169 714.0978336755918 Screw 1
1440.8670721566575 1398.3787925119886 640.4787394794528 858.7153191341769 702.5329278433426 766.6812074880114 1502.9212605205473 1306.3446808658232 Screw 1
1448.5034473398073 307.68908488134616 1382.2164219504862 274.7755141392423 1412.1565526601926 214.47691511865386 1478.4435780495137 247.39048586075776 Screw 1
480.4433813476004 483.752927443853 540.9906718999094 431.5008255307791 581.9366186523997 478.947072556147 521.3893281000907 531.1991744692209 Screw 1
