909.1745385774154 1341.515505563659 966.6391167332756 1119.284918430904 1105.0854614225846 1155.084494436341 1047.6208832667244 1377.3150815690958 Screw 1
834.3168001386607 947.4538775354666 753.8718835912032 735.9915394923233 887.5271998613393 685.1461224645333 967.9721164087969 896.6084605076766 Screw 1
610.4736114659354 1407.5588560721358 699.9903424718566 1118.3644254652972 798.3843885340646 1148.8211439278643 708.8676575281434 1438.0155745347029 Screw 1
760.0766777128092 506.69102690382704 1047.2480147541555 418.0416161280896 1077.6293222871907 516.458973096173 790.4579852458444 605.1083838719104 Screw 1
717.2107064540039 411.1030001168719 446.5219273134505 321.9257336898467 477.49929354599607 227.8969998831281 748.1880726865495 317.0742663101533 Screw 1
1050.3835518679025 864.8750177463311 1150.0684080157116 595.8338560632336 1244.7764481320974 630.9249822536689 1145.0915919842882 899.9661439367663 Screw 1
306.7758118877729 869.3173773009718 1006.0673892129988 977.1646228058872 987.9741881122271 1094.4826226990283 288.6826107870012 986.6353771941128 Screw 1
93.49276977582457 1310.7919319341404 762.0665064717707 1023.1896039160594 808.7912302241755 1131.8080680658595 140.21749352822934 1419.4103960839407 Screw 1
1100.7884602962895 1128.5107631269664 1393.7098746239112 616.4431210431244 1486.7915397037104 669.6892368730337 1193.8701253760887 1181.7568789568757 Screw 1
1551.3625195096176 712.4941373365068 1285.420897315152 186.00146217988498 1378.6574804903823 138.90586266349322 1644.599102684848 665.398537820115 Screw 1
673.8617472388898 9.409898873860698 1463.4659519591467 546.3723308410243 1401.9782527611105 636.7901011261393 612.3740480408536 99.82766915897571 Screw 1
1.7752818069644718 1125.9114023843858 552.5683506017252 336.69172272374163 646.5607181930355 402.28859761561426 95.76764939827478 1191.5082772762585 Screw 1
452.89693749002237 703.5959269595912 673.1824979923263 645.7420820555069 691.7930625099777 716.6040730404088 471.50750200767385 774.4579179444931 Screw 1
293.38071900618183 388.97081732650315 366.1760262711581 159.55093565929087 435.7572809938182 181.62918267349687 362.96197372884194 411.04906434070915 Screw 1
