1524.6819008659204 709.9644394198618 1433.0701154365588 502.82593546792975 1555.3980991340795 448.72356058013827 1647.0098845634411 655.8620645320703 Screw 1
415.3840256453286 592.299461254777 123.9860052289304 625.7439887354333 112.86597435467141 528.8565387452229 404.26399477106963 495.4120112645666 Screw 1
500.2159172050443 546.4074845222104 406.46779726468867 651.1805749206934 371.4420827949557 619.8405154777896 465.19020273531135 515.0674250793066 Screw 1
1168.7219161591086 899.5774352682716 1167.841983590641 820.4975306798432 1230.8380838408914 819.7965647317284 1231.718016409359 898.8764693201568 Screw 1
629.1527472655157 165.54009638003726 763.4408499707906 148.0445426357985 769.7712527344843 196.63390361996272 635.4831500292094 214.12945736420147 Screw 1
871.3261435552809 355.5308176522318 1384.499865182118 66.31941242646732 1437.0338564447193 159.5351823477682 923.8601348178822 448.7465875735327 Screw 1
1394.6256618919992 538.1482030216678 569.62982711415 1019.1958852728139 515.7323381080007 926.7617969783323 1340.72817288585 445.7141147271862 Screw 1
1249.5037547576442 990.9310914402979 1176.2204252321428 702.6096410855648 1272.756245242356 678.072908559702 1346.0395747678574 966.3943589144351 Screw 1
637.899434396554 339.8336726005152 754.7181839447018 139.45321779015416 815.7645656034459 175.0423273994848 698.9458160552982 375.4227822098458 Screw 1
403.7059145264237 1330.1275043897742 922.8489724044856 838.4818134119977 1003.3000854735764 923.4324956102258 484.1570275955145 1415.0781865880024 Screw 1
736.2741717846966 553.0636532594873 664.426126824904 588.1364459584673 635.4298282153034 528.7363467405127 707.2778731750959 493.6635540415327 Screw 1
