1095.8880629154025 1147.8128392273757 1189.3421070995312 940.4981613807963 1321.5319370845975 1000.0871607726244 1228.077892900469 1207.4018386192038 Screw 1
1024.0649956381524 1040.2054115543967 948.3646923140178 928.1080709408299 987.3150043618476 901.8045884456034 1063.0153076859822 1013.9019290591701 Screw 1
699.8984143880348 1192.1011830223729 899.6141138721769 974.5848227283485 976.9575856119652 1045.598816977627 777.2418861278231 1263.1151772716512 Screw 1
762.3162024726994 284.92241308012484 918.6751468650982 453.7410474914206 865.1177975273006 503.3455869198752 708.7588531349018 334.5269525085794 Screw 1
1255.7427678420433 457.3133404307871 964.2339786833397 477.67432774050394 957.0572321579568 374.92465956921296 1248.5660213166605 354.5636722594961 Screw 1
1003.5753687713689 1206.185433562651 870.2981260020169 1175.1282014934661 880.9646312286311 1129.354566437349 1014.241873997983 1160.4117985065338 Screw 1
1382.6036744194819 1062.5798122613448 780.2308467334362 676.9733462347524 842.4563255805181 579.7681877386551 1444.8291532665637 965.3746537652476 Screw 1
538.6417736255238 786.5374503805942 228.6229097083939 1287.2273106898801 122.34622637447629 1221.4225496194058 432.3650902916062 720.7326893101199 Screw 1
621.1103301622603 518.8774484858144 675.0856088582931 468.4167393516217 719.4756698377397 515.8985515141857 665.5003911417069 566.3592606483784 Screw 1
449.3517853134987 1382.3036164179857 545.232209637282 431.3248657450323 657.6622146865013 442.66038358201433 561.7817903627179 1393.6391342549678 Screw 1
360.0528860069724 1143.5277082502625 328.0184407050039 1200.4209378843339 274.8651139930276 1170.4922917497374 306.8995592949961 1113.5990621156661 Screw 1
