1637.669640230679 373.05103368511527 1507.4806820917 186.58446321553458 1626.3703597693209 103.5769663148847 1756.5593179083 290.0435367844654 Screw 1
831.7628200595406 768.3085336832911 633.881106321823 881.6124256915713 562.8251799404594 757.515466316709 760.7068936781769 644.2115743084288 Screw 1
1000.9110647318723 359.1360481724711 958.8727006814095 68.06914947569251 1058.8889352681279 53.62395182752894 1100.9272993185907 344.6908505243075 Screw 1
779.5780879957272 928.3858463123482 1006.1761384768497 1116.2389017550388 941.7159120042729 1193.994153687652 715.1178615231504 1006.1410982449613 Screw 1
798.2747269289649 58.05981623345481 844.3139039574766 191.827794985985 797.9812730710352 207.77418376654518 751.9420960425235 74.00620501401497 Screw 1
1187.4676330590783 997.5561353648001 1255.3127150285732 719.4356704066232 1351.4923669409218 742.8978646351999 1283.6472849714269 1021.0183295933767 Screw 1
86.40825505256805 786.6375086737802 736.9215091484738 464.0279122548958 788.359744947432 567.7484913262198 137.84649085152626 890.3580877451042 Screw 1
240.0318006145776 295.40049810541115 308.9206703431216 263.1147690573675 338.20219938542243 325.5935018945889 269.3133296568784 357.87923094263255 Screw 1
1482.0594313902986 896.8479829711887 1325.8782090159732 642.9247704094746 1408.5005686097013 592.1060170288113 1564.6817909840267 846.0292295905253 Screw 1
477.96612778671516 76.81678841693224 937.5827992738346 453.2855297688558 868.5138722132849 537.6092115830678 408.8972007261655 161.14047023114426 Screw 1
1880.26288031567 570.072365810445 917.1793487504251 564.6138835290433 917.79711968433 455.6156341895551 1880.8806512495748 461.0741164709569 Screw 1
920.5268829647827 890.3936389735003 1126.795797466483 771.8448001293758 1161.4931170352172 832.2163610264996 955.2242025335169 950.7651998706241 Screw 1
