509.5104875650869 1036.6610750792147 323.76488455939864 903.3902865918149 404.52951243491304 790.8249249207854 590.2751154406013 924.0957134081852 Screw 1
506.17731652821027 484.26592188615 397.7178011541412 282.51561913341044 515.3226834717897 219.29207811384998 623.7821988458587 421.04238086658955 Screw 1
1364.9984562561287 296.0440656880697 791.5820968678815 436.75683279513913 766.0815437438712 332.83993431193034 1339.4979031321184 192.12716720486088 Screw 1
394.4999207922095 1205.782242170454 390.8121850416656 1120.3020522483198 460.9140792077905 1117.2777578295459 464.6018149583344 1202.7579477516801 Screw 1
961.0724176381284 8.121984092916463 1059.3281885288004 105.23363834038442 1024.9375823618716 140.02941590708355 926.6818114711996 42.91776165961558 Screw 1
1132.3333561392885 974.7132512504862 676.5719027781422 598.4590477575076 743.4186438607114 517.4867487495138 1199.1800972218577 893.7409522424924 Screw 1
1104.679259904813 533.9392456815445 1315.378688045063 439.0221057890483 1344.5407400951867 503.7567543184553 1133.8413119549368 598.6738942109515 Screw 1
609.8594803263763 1250.4769033477096 845.552440324393 1207.0959200557954 858.0365196736236 1274.9230966522905 622.3435596756069 1318.3040799442047 Screw 1
1061.210852694425 1210.0081805698755 995.3178047735253 1090.3323228345162 1037.709147305575 1066.9918194301245 1103.6021952264748 1186.6676771654838 Screw 1
340.03895773392077 633.1836486828869 372.8540568754351 567.0322902446613 432.8750422660792 596.8063513171131 400.0599431245649 662.9577097553387 Screw 1
