1636.1599448071174 931.5262608245783 1490.3612517479478 757.3298007507927 1600.0200551928824 665.5477391754217 1745.818748252052 839.7441992492073 Screw 1
768.179833029132 506.3756969348865 785.6935548100831 277.10063767553436 928.278166970868 287.99230306511356 910.764445189917 517.2673623244657 Screw 1
789.5756144834378 1318.511833390354 781.4532000306136 1182.2436915396027 830.3663855165622 1179.3281666096461 838.4887999693864 1315.5963084603975 Screw 1
639.5998073439922 484.859349095521 431.7511481092753 1037.8521506312468 329.72019265600784 999.5026509044791 537.5688518907248 446.5098493687534 Screw 1
991.3368100079447 1194.833493272802 1023.8771709532955 963.8816428828424 1096.1631899920553 974.0665067271981 1063.6228290467043 1205.0183571171576 Screw 1
748.0449267853023 968.7954546603573 742.2889074005482 733.5058504683268 815.2670732146976 731.7205453396427 821.0230925994517 967.0101495316733 Screw 1
1244.3621225637253 1219.009742953458 1216.6093427894707 1084.6367810310471 1262.6378774362747 1075.1302570465418 1290.3906572105293 1209.5032189689528 Screw 1
1580.441387107713 176.6525565655643 1211.5169726197657 655.3948007792177 1125.178612892287 588.8614434344357 1494.1030273802342 110.11919922078235 Screw 1
1399.278333259801 1267.4539937449163 1362.5902173865343 1200.5038076762448 1416.601666740199 1170.9060062550839 1453.2897826134658 1237.8561923237553 Screw 1
1305.188537955078 964.49806311761 1268.0152391804775 896.1927276857107 1328.2714620449221 863.39993688239 1365.4447608195226 931.7052723142892 Screw 1
