1577.1783312840478 396.13406781172705 1371.6349858436886 487.84142095849006 1316.6616687159524 364.62993218827296 1522.2050141563116 272.92257904150995 Screw 1
499.1717626832139 1095.0427549368358 491.0378579992221 867.9273619851651 633.9462373167861 862.8092450631643 642.0801420007778 1089.924638014835 Screw 1
1285.9323302571054 427.6520143092237 695.4480994728256 479.93106968608987 686.0116697428946 373.3479856907763 1276.4959005271744 321.06893031391013 Screw 1
217.20222564434368 688.4371840745322 472.98652342227774 541.7269615464166 521.2477743556564 625.8688159254679 265.4634765777223 772.5790384535834 Screw 1
1135.2009789126612 602.5909553250212 869.251894277103 716.734083293851 830.9950210873387 627.5970446749789 1096.944105722897 513.4539167061491 Screw 1
1470.5820302526618 1203.6632467764427 886.5426468412397 1273.4077687506158 873.6179697473381 1165.1767532235574 1457.65735315876 1095.4322312493844 Screw 1
1274.8824163186882 1334.8683527040675 1044.0593121973534 1329.14700323113 1045.7575836813116 1260.6316472959325 1276.5806878026465 1266.35299676887 Screw 1
1050.277178871064 1049.8286320056645 796.4565220382883 894.6182928204856 847.038821128936 811.8993679943354 1100.8594779617117 967.1097071795144 Screw 1
719.1359537746343 594.9275823648247 910.0364636061022 462.02181790336266 949.1120462253657 518.1484176351753 758.2115363938979 651.0541820966373 Screw 1
1292.3093580067427 127.068664357498 411.7283291039844 484.9626913550989 369.9346419932572 382.131335642502 1250.5156708960155 24.237308644901077 Screw 1
1301.1230464688247 606.2191756460313 1896.2421667642875 979.9940561593614 1834.3569535311753 1078.5268243539688 1239.2378332357125 704.7519438406387 Screw 1
1231.6134581049319 808.4808254843081 1781.327047621588 1231.164538515356 1713.6665418950683 1319.1591745156918 1163.9529523784122 896.4754614846439 Screw 1
647.7354773092477 1442.902129299632 577.3625408766707 489.2771960361103 685.4905226907524 481.29787070036804 755.8634591233294 1434.9228039638897 Screw 1
751.4613296601015 1281.8058097181902 905.9013426729546 1036.1591760661295 989.6206703398987 1088.7941902818097 835.1806573270455 1334.4408239338704 Screw 1
