949.961384067986 1203.1805100820447 989.2907021651483 976.8928455088025 1130.1786159320138 1001.3794899179551 1090.8492978348515 1227.6671544911974 Screw 1
1216.8461138959008 1058.0105997854885 1205.4633884740085 831.0218233273346 1341.1538861040992 824.2174002145115 1352.5366115259915 1051.2061766726654 Screw 1
386.1880644666073 1018.2970677420462 325.27142370452424 430.223729391919 431.7019355333927 419.1989322579538 492.61857629547575 1007.272270608081 Screw 1
693.821971379172 148.46657395771268 1271.585433217184 45.653307474460846 1290.6820286208279 152.96742604228734 712.918566782816 255.78069252553917 Screw 1
840.2584663930809 615.6482698451817 944.9933168687514 706.715691000274 911.5295336069191 745.2017301548182 806.7946831312486 654.1343089997259 Screw 1
646.503596687168 670.7450738346281 513.820773100302 629.5425640322317 528.3524033128319 582.7469261653719 661.035226899698 623.9494359677683 Screw 1
921.9554961477015 490.3911589247909 862.4741901757873 437.721565596994 906.9685038522985 387.47284107520915 966.4498098242127 440.142434403006 Screw 1
1043.5591621732901 686.1241200031359 1222.2354465290555 536.2954494062917 1269.1408378267097 592.2318799968641 1090.4645534709443 742.0605505937083 Screw 1
637.0344516903601 511.68685406138644 536.2758057543792 292.9753013392048 603.55754830964 261.9791459386136 704.3161942456209 480.69069866079525 Screw 1
697.9883505247881 1013.8314892387114 647.5617802665267 953.1710515466814 696.8976494752119 912.1585107612887 747.3242197334732 972.8189484533186 Screw 1
