1313.228314113548 470.9264331794044 1277.6875041661565 699.0727398167975 1136.3916858864518 677.0615668205957 1171.9324958338434 448.9152601832026 Screw 1
280.97144057402295 534.9517457968471 305.48472597983175 299.0931833497455 448.838559425977 313.99225420315275 424.3252740201682 549.8508166502544 Screw 1
681.1839547057745 316.13229804715394 806.2759009074063 254.17449772719357 828.0240452942256 298.08370195284607 702.9320990925938 360.04150227280644 Screw 1
736.6390505413412 1060.1036160972087 655.1288918236148 1070.8269169911066 646.1289494586588 1002.4163839027912 727.6391081763852 991.6930830088935 Screw 1
1375.384106497788 1000.4939957002744 1364.80016652685 862.8753892559 1413.655893502212 859.1180042997257 1424.23983347315 996.7366107441001 Screw 1
1627.8359271148383 573.3059207095938 1247.9185973903864 132.75465961045458 1330.4640728851618 61.57007929040614 1710.3814026096138 502.12134038954537 Screw 1
194.2604416710089 1015.3985514409827 609.3402836365306 576.6207799040948 688.5235583289912 651.5274485590172 273.4437163634694 1090.3052200959053 Screw 1
889.5305138427802 1000.038661335304 1077.5582333575173 860.3127714863309 1119.9294861572198 917.3313386646959 931.9017666424828 1057.0572285136689 Screw 1
776.0916682674158 1309.51981160415 885.9248197312274 1097.5840763811173 949.0543317325842 1130.3001883958502 839.2211802687725 1342.235923618883 Screw 1
791.1294383142256 762.2568058433285 741.153820222403 825.7147366477623 689.0325616857745 784.6671941566715 739.008179777597 721.2092633522377 Screw 1
