578.5311980747882 385.66823462029873 617.3353762558874 157.63632488902994 758.3088019252117 181.62576537970125 719.5046237441126 409.65767511097005 Screw 1
1632.8338847472448 379.3017209788969 1403.574038215312 385.587457543097 1399.866115252755 250.3482790211031 1629.125961784688 244.06254245690297 Screw 1
323.81568754350815 756.4235797155725 386.4311450644027 1340.715072250291 280.04031245649185 1352.1164202844275 217.42485493559735 767.8249277497089 Screw 1
1023.9609861467904 1163.7016632543855 911.8168304452145 1082.8925337083947 940.4630138532095 1043.1383367456147 1052.6071695547855 1123.9474662916055 Screw 1
1767.4200829084234 787.8080816038837 1223.224009256845 528.728881701217 1270.2599170915764 429.92991839611636 1814.4559907431549 689.009118298783 Screw 1
646.5591903920921 1165.0407107126507 576.4928770507835 1044.0064443301194 617.168809607908 1020.4592892873493 687.2351229492166 1141.4935556698806 Screw 1
985.2228759442404 693.9441691721349 891.1044697145859 475.70948395049163 954.7851240557596 448.2458308278651 1048.9035302854143 666.4805160495084 Screw 1
824.0444833693751 721.0843649224488 592.5262493091785 773.3706451367465 577.3635166306248 706.2316350775512 808.8817506908214 653.9453548632536 Screw 1
990.178880034727 864.4521747342468 1067.6044423715887 878.9520803677577 1055.8211199652733 941.8718252657533 978.3955576284114 927.3719196322423 Screw 1
1479.1389209792762 825.9742006426098 1559.7229482282821 834.9077323978271 1552.701079020724 898.2477993573901 1472.117051771718 889.3142676021729 Screw 1
