670.201663981001 133.50637941987122 897.0054638311433 159.6446540097636 881.4563360189989 294.5656205801288 654.6525361688566 268.4273459902364 Screw 1
456.4080717571708 184.53791396485025 490.97102463057195 781.4811554356545 384.1499282428292 787.6660860351496 349.58697536942805 190.7228445643454 Screw 1
859.8618936113693 1124.699030090915 916.9294179344466 828.269264722059 1020.0361063886306 848.1189699090851 962.9685820655533 1144.548735277941 Screw 1
993.7013215384686 376.4336675950367 1689.5054601675492 478.9588018580223 1672.0586784615316 597.3643324049633 976.254539832451 494.8391981419777 Screw 1
962.4718798535071 695.0809510913654 910.5004420655416 567.2542801722976 955.892120146493 548.7990489086347 1007.8635579344584 676.6257198277025 Screw 1
794.2966948473334 914.186135426457 857.295864573543 913.8626948473334 857.6193051526666 976.861864573543 794.620135426457 977.1853051526666 Screw 1
591.0722174511146 355.8709584099168 824.1885086270282 375.62780766243276 818.0237825488854 448.36704159008326 584.9074913729718 428.6101923375673 Screw 1
813.8385250393139 571.6865242033144 594.9301246999355 763.1272940535592 528.8214749606861 687.5334757966856 747.7298753000646 496.0927059464408 Screw 1
986.4851088767305 893.366380314652 960.4089919067744 820.9161482669273 1018.6348911232695 799.959619685348 1044.7110080932257 872.4098517330727 Screw 1
288.36900193140025 937.9459352628517 1166.8481287203263 1303.82620382781 1124.1709980685996 1406.2940647371481 245.69187127967382 1040.4137961721897 Screw 1
