1322.460503125701 839.4074796596256 1464.7505706029888 661.7181263001489 1574.059496874299 749.2505203403744 1431.7694293970112 926.939873699851 Screw 1
829.8550056949882 212.34294137663477 1045.6620708028518 282.74401132255485 1001.9609943050118 416.70505862336523 786.1539291971483 346.30398867744515 Screw 1
1296.8569259719482 694.5129018027549 1569.6141093128479 590.3691919353857 1603.1430740280518 678.183098197245 1330.3858906871521 782.3268080646142 Screw 1
719.267019710182 1238.966876418039 1411.2142498582525 1176.0143648286437 1421.5729802898181 1289.8731235819612 729.6257501417476 1352.8256351713565 Screw 1
567.7599624740957 1111.7557514199739 285.4524914524335 1009.2833126603088 320.5960375259043 912.4642485800263 602.9035085475665 1014.9366873396913 Screw 1
716.5325226551236 410.4294488863866 847.1851416489749 457.3371270856703 831.3034773448765 501.5725511136134 700.6508583510251 454.66487291432964 Screw 1
341.4263849041259 744.560362062477 618.6862310079773 680.7320307160555 639.9756150958742 773.209637937523 362.7157689920227 837.0379692839444 Screw 1
1407.813165347561 1151.4054856184287 668.3146459328079 539.9575754834868 739.0468346524392 454.4125143815713 1478.5453540671922 1065.8604245165131 Screw 1
756.7098026486849 454.4600880355542 868.1599595210275 1026.276193360623 763.1361973513151 1046.7459119644457 651.6860404789725 474.92980663937686 Screw 1
1022.8340615079574 454.6258426836493 736.9397886325705 400.35370676609165 755.1659384920426 304.34215731635067 1041.0602113674295 358.6142932339083 Screw 1
795.1491543453462 490.0523379122484 869.0528915411144 457.8939424953618 894.3108456546538 515.9396620877516 820.4071084588857 548.0980575046382 Screw 1
1618.5859833243596 657.4206971310286 1401.756708429764 760.7050383095634 1371.4340166756404 697.0473028689714 1588.2632915702359 593.7629616904367 Screw 1
