402.8888590599667 1113.4262065178466 474.0896241226606 894.1503319431752 610.0991409400334 938.3137934821532 538.8983758773394 1157.5896680568246 Screw 1
1639.313106478379 543.8912131239892 1459.086521977639 402.1407298683843 1548.726893521621 288.16878687601064 1728.953478022361 429.91927013161563 Screw 1
1579.998413640763 171.71268622684613 995.2879363682956 301.7690500380936 971.6215863592371 195.36931377315386 1556.3320636317044 65.31294996190637 Screw 1
788.7329867016603 1046.7948978172044 865.1054083950904 935.0041837633042 905.5650132983397 962.6451021827955 829.1925916049096 1074.4358162366957 Screw 1
1149.1841651333748 1101.2755701886758 1193.1091855628242 872.8494992132452 1264.7958348666252 886.6344298113244 1220.8708144371758 1115.060500786755 Screw 1
970.4899786071794 792.2846424302337 1106.21991006349 752.2715104375335 1119.5100213928206 797.3533575697662 983.78008993651 837.3664895624664 Screw 1
339.61930107055105 772.3901315627808 600.0114895326199 228.51063370692816 698.3246989294489 275.57986843721926 437.9325104673801 819.4593662930719 Screw 1
842.510653461659 623.7117697137624 639.9950440249555 500.4406180866256 677.951346538341 438.0842302862377 880.4669559750445 561.3553819133745 Screw 1
1432.099693177623 798.4315075303687 1379.5891624180886 740.436220939888 1426.7003068223771 697.7804924696313 1479.2108375819116 755.775779060112 Screw 1
1120.0182673909746 573.2832367701367 1060.3432414147449 517.4497651000329 1104.3017326090255 470.4667632298632 1163.9767585852553 526.3002348999671 Screw 1
