725.9197018297039 74.00740743247624 812.2750154307728 286.4800904151623 684.1582981702961 338.5505925675237 597.8029845692272 126.07790958483767 Screw 1
1274.581596699341 213.96181505698814 1142.2649399567522 403.0271758121087 1027.998403300659 323.05818494301184 1160.3150600432477 133.99282418789124 Screw 1
271.4476598915439 399.740260329394 348.41108032903634 120.58543444497232 445.7783401084561 147.42973967060598 368.81491967096366 426.58456555502767 Screw 1
662.942708291324 1113.4166015111855 633.4786785953469 830.1890419586686 731.9472917086761 819.9453984888145 761.4113214046532 1103.1729580413314 Screw 1
190.83492252807855 491.1604100035065 855.5755602341478 740.582471213273 816.5810774719215 844.5075899964934 151.84043976585224 595.0855287867269 Screw 1
1044.5957572678085 1071.8766824198199 840.3876373531765 860.8652076206249 915.8402427321915 787.8453175801801 1120.0483626468235 998.8567923793751 Screw 1
145.64355817177335 811.0734566272566 204.7339982271714 686.250548060522 247.21444182822665 706.3605433727433 188.1240017728286 831.183451939478 Screw 1
1228.4595181655427 382.37936899233625 1493.2412914845531 523.0365545430228 1444.9204818344574 613.9986310076638 1180.138708515447 473.3414454569772 Screw 1
1691.791637789973 1008.1676892212255 1158.4492454358708 712.5687032977233 1211.288362210027 617.2323107787746 1744.6307545641291 912.8312967022767 Screw 1
1297.777558901637 568.8407159966649 1070.3781573963984 498.8563047320182 1091.262441098363 430.99728400333504 1318.6618426036016 500.98169526798176 Screw 1
1402.0507245805584 1181.3234643255878 689.963383359594 544.0118849847929 763.9892754194416 461.3005356744123 1476.076616640406 1098.612115015207 Screw 1
845.2409500478461 1105.7467435591734 880.020849687754 1037.0491556754787 937.5470499521539 1066.1732564408267 902.767150312246 1134.8708443245214 Screw 1
