604.8604143629644 1283.1543349335989 594.3874035009013 1051.4218749620122 737.2415856370357 1044.965665066401 747.7145964990988 1276.6981250379877 Screw 1
1557.6643010895134 1419.6798043116078 1463.1769558617145 1208.9976940321567 1593.6556989104868 1150.480195688392 1688.1430441382856 1361.1623059678432 Screw 1
1674.9818425947296 979.8391114332927 1578.8609761067974 875.3785875469506 1614.6781574052702 842.4208885667073 1710.7990238932025 946.8814124530494 Screw 1
1854.1776812234853 243.68427523370735 1271.396485568504 382.5054247749441 1246.602318776515 278.4177247662926 1829.3835144314962 139.59657522505586 Screw 1
1146.6855716050343 682.5214493174223 565.8768612558677 780.8726257798215 547.6784283949657 673.4025506825777 1128.4871387441324 575.0513742201784 Screw 1
352.9520961056984 523.0595114272405 463.89796558526086 610.0768318032663 433.6579038943016 648.6324885727595 322.71203441473915 561.6151681967337 Screw 1
835.9490652629853 302.45676783503393 607.8346359684923 347.5928234518881 593.2769347370148 274.01923216496607 821.3913640315078 228.88317654811192 Screw 1
815.1526191686103 1117.9447829202368 880.6340679490695 1073.6970988930234 917.8113808313897 1128.715217079763 852.3299320509304 1172.9629011069765 Screw 1
1461.1302206799298 962.2412565983111 1327.8604459403593 1154.9449668502523 1269.2897793200702 1114.4387434016887 1402.5595540596407 921.7350331497476 Screw 1
1411.299125985229 717.1233959405754 1491.4557780765701 701.3550404170048 1503.760874014771 763.9066040594246 1423.6042219234298 779.6749595829951 Screw 1
