461.7834839491604 365.7956898593843 688.1864151661243 322.58814587263726 713.4045160508397 454.7283101406157 487.00158483387577 497.93585412736275 Screw 1
1219.1380136464973 788.2335443982315 1301.5434747405711 576.6182689149311 1430.1019863535025 626.6804556017685 1347.6965252594287 838.2957310850688 Screw 1
1511.8762995824006 157.06555384678074 921.9193120458319 210.74426557477454 912.2237004175993 104.18444615321924 1502.180687954168 50.50573442522547 Screw 1
836.997634702255 522.860806223283 967.6386751207979 480.3939313869988 981.7163652977449 523.7011937767169 851.0753248792021 566.1680686130011 Screw 1
1625.7022877796594 1034.1178277071635 1628.4188686127322 444.3720844477677 1737.4177122203405 444.87417229283636 1734.7011313872677 1034.6199155522322 Screw 1
1279.287790519814 413.1643044047296 1407.940505059654 369.59518757261526 1422.712209480186 413.21369559527045 1294.059494940346 456.7828124273848 Screw 1
1244.8957680424614 1206.7879836318778 1321.021682390292 985.9897749124527 1388.1442319575385 1009.1320163681223 1312.018317609708 1229.9302250875473 Screw 1
966.3405370048621 1080.1170739344548 1062.9456446851987 1293.4282013026036 997.907462995138 1322.8829260655452 901.3023553148013 1109.5717986973964 Screw 1
1063.8511060401333 797.9395441157793 1044.4902279190724 725.4815811415043 1103.3488939598665 709.7544558842206 1122.7097720809275 782.2124188584957 Screw 1
510.9466900184668 772.378236580782 541.7752046343098 707.4794480865369 597.4993099815331 733.949763419218 566.6707953656901 798.8485519134631 Screw 1
