1004.8857474354139 1096.1139244199444 941.1623125830837 872.780109560616 1078.6742525645861 833.5440755800555 1142.3976874169164 1056.877890439384 Screw 1
567.5154388616005 1202.873584179321 622.2481679881051 978.9001784848842 761.1605611383994 1012.8464158206789 706.4278320118948 1236.8198215151156 Screw 1
193.9801213604246 397.72885424897225 124.80276742905474 983.9432631703617 16.553878639575395 971.1691457510276 85.73123257094525 384.9547368296382 Screw 1
339.99008992738834 957.840020034553 332.56648021211777 882.4605884659524 399.2439100726117 875.8939799654469 406.66751978788227 951.2734115340476 Screw 1
1328.426671317396 753.7462834105929 1320.2820093670266 621.3495648307346 1367.1933286826038 618.4637165894071 1375.3379906329733 750.8604351692654 Screw 1
1559.8418864578607 363.9759161210309 1625.1749931521376 944.7859305824502 1516.858113542139 956.970083878969 1451.5250068478622 376.1600694175497 Screw 1
824.6685664904086 408.5016252329306 927.7486152942873 507.45355337276015 893.8154335095913 542.8023747670693 790.7353847057126 443.8504466272398 Screw 1
853.8828455716593 103.78748508228522 1082.2253265404315 31.039198600568724 1104.3851544283407 100.59451491771478 876.0426734595685 173.34280139943127 Screw 1
402.3373741717219 486.0955969629661 618.2342313470076 397.72947210262015 645.2286258282782 463.6824030370339 429.3317686529924 552.0485278973799 Screw 1
1281.9043254779192 215.69429130610092 1238.6769878523003 291.46593842295283 1183.955674522081 260.2477086938991 1227.1830121476999 184.47606157704718 Screw 1
