549.5565646593486 1053.2248063645147 736.742330895167 926.6641376924917 816.2754353406515 1044.2951936354852 629.0896691048331 1170.8558623075082 Screw 1
692.3885630898812 767.1140254832853 905.0636331956644 682.6329024113222 956.5674369101187 812.2899745167147 743.8923668043356 896.7710975886778 Screw 1
1488.978231417536 887.8092788131758 1220.8396463334768 1034.1098095884217 1173.301768582464 946.9827211868242 1441.4403536665234 800.6821904115782 Screw 1
1285.6137420505543 1148.6019889355448 1100.3011851929937 919.4018747996365 1177.2862579494458 857.1580110644553 1362.5988148070064 1086.3581252003635 Screw 1
1038.369903887907 310.4993378313897 874.9050899044717 547.214058181352 792.216096112093 490.11266216861026 955.6809100955284 253.3979418186479 Screw 1
1233.8253733073834 1249.8879226241672 1228.7874090783134 1173.4437533473244 1294.5146266926167 1169.1120773758328 1299.5525909216867 1245.5562466526756 Screw 1
785.4353693005862 979.1993655167887 1406.4765265242102 652.9055474396725 1461.824630699414 758.2506344832113 840.7834734757901 1084.5444525603275 Screw 1
1297.727204682034 575.2093882067355 462.527020354285 126.1051951747688 515.492795317966 27.60461179326441 1350.692979645715 476.70880482523114 Screw 1
334.2201942076531 725.5393307356975 745.0876947012798 296.97753560911417 822.325805792347 371.02666926430254 411.45830529872023 799.5884643908859 Screw 1
1009.5822317449906 1318.6635735220862 881.3914260799977 1068.6073451594239 967.7097682550091 1024.3564264779138 1095.9005739200022 1274.4126548405761 Screw 1
783.6603144332183 482.6797406265134 678.5519277653847 390.3256731682517 710.9456855667817 353.4582593734866 816.0540722346153 445.81232683174835 Screw 1
509.86767335375316 837.9553744726726 359.25648603002935 660.1478303781147 413.00232664624684 614.6226255273274 563.6135139699707 792.4301696218853 Screw 1
