281.60006440828147 1040.9357469204879 316.1342659000146 816.0144780810817 457.4779355917185 837.7162530795122 422.94373409998536 1062.6375219189183 Screw 1
1015.9585243886108 1049.3396583709982 972.3422737660624 826.6640886947739 1104.6814756113893 800.7423416290019 1148.2977262339375 1023.4179113052262 Screw 1
819.4336563668027 607.0863462510556 696.361243681867 665.021879086345 676.4703436331973 622.7676537489444 799.542756318133 564.832120913655 Screw 1
106.05463039807205 393.16312897900207 662.2026751837587 620.2954722550265 621.747369601928 719.3528710209981 65.59932481624128 492.2205277449736 Screw 1
1384.794277829876 372.0234544174879 920.4259546795972 731.0931697299857 857.325722170124 649.4885455825121 1321.6940453204027 290.41883027001427 Screw 1
1222.4249487988914 647.5505751196578 1234.41291385881 573.9442010739125 1295.5750512011086 583.9054248803421 1283.58708614119 657.5117989260874 Screw 1
1046.6399453298259 375.7517714990963 1008.7511572843379 147.06117570546928 1076.6600546701743 135.8102285009037 1114.5488427156624 364.50082429453073 Screw 1
759.7490112589014 222.04807684101752 643.8211440066877 19.579925127338967 704.2989887410986 -15.048076841017505 820.2268559933123 187.42007487266102 Screw 1
679.4292069837353 861.8721143605208 661.2213651766159 998.1582086831879 615.3207930162647 992.0258856394792 633.5286348233841 855.739791316812 Screw 1
502.7555895185914 375.34464355819654 473.1196015095632 299.6613045730623 530.4004104814086 277.2313564418035 560.0363984904367 352.9146954269377 Screw 1
