530.7127103194701 1122.795125186099 514.4429834704805 890.5793802133276 657.0932896805299 880.584874813901 673.3630165295195 1112.8006197866725 Screw 1
1447.6763298688734 988.2025266337492 1305.335964376819 806.3465941058595 1417.9436701311265 718.2074733662508 1560.284035623181 900.0634058941406 Screw 1
863.3657736590286 1329.7610710110182 975.7697004872088 747.149107548539 1080.8322263409716 767.4189289889816 968.4282995127913 1350.0308924514609 Screw 1
1127.9563785309 85.77299771495353 1293.0883797948832 655.110888042439 1190.3236214691 684.9170022850465 1025.191620205117 115.579111957561 Screw 1
1433.8810205773516 608.8331249108966 1514.1789254928958 493.24403150163846 1552.7789794226483 520.0588750891035 1472.481074507104 635.6479684983616 Screw 1
820.4483222921815 165.4730531700548 642.9007789875618 328.43890807989226 593.5376777078186 274.6589468299452 771.0852210124383 111.69309192010775 Screw 1
807.2398839469366 794.6068958944808 830.6017122616087 932.2341758712201 779.7441160530633 940.8671041055192 756.3822877383913 803.2398241287798 Screw 1
465.6488838623792 491.8104593172819 543.6702929936367 473.99662845996977 559.0291161376209 541.2655406827181 481.0077070063634 559.0793715400301 Screw 1
716.8020925343831 510.58811620297894 920.6222972442927 381.66652998480305 958.7379074656169 441.9258837970211 754.9177027557073 570.847470015197 Screw 1
384.0726023199534 636.0880574136733 418.32064072056494 707.3324876338683 360.9193976800466 734.9259425863266 326.671359279435 663.6815123661316 Screw 1
