820.1672318850946 938.4905921220554 749.8959812738489 715.4872954950067 886.2847681149054 672.5094078779446 956.5560187261511 895.5127045049933 Screw 1
315.19051420867714 396.5629217466239 1272.2650295973096 497.2573478218258 1260.441485791323 609.6370782533762 303.36697040269047 508.9426521781742 Screw 1
1566.568881116731 696.1812778284757 597.9552517116878 732.1436733519868 593.9111188832691 623.2187221715244 1562.5247482883124 587.2563266480133 Screw 1
1063.9379564329051 857.0997347293181 1259.466149817592 641.8748895284899 1331.2620435670947 707.1002652706819 1135.7338501824079 922.3251104715101 Screw 1
247.37044285483296 1130.8362870851322 469.767550834702 926.3436729246434 539.4835571451671 1002.1637129148678 317.08644916529806 1206.6563270753566 Screw 1
210.29174146179952 1069.167826802212 603.2940168117741 452.72454349161995 703.5362585382004 516.632173197788 310.53398318822593 1133.07545650838 Screw 1
382.97645051635 643.899524590561 1003.3305945489933 986.3824248608173 946.4015494836499 1089.500475409439 326.04740545100657 747.0175751391828 Screw 1
1107.9789845453047 1116.4840238792374 1427.8872789022007 629.648112461785 1518.0810154546953 688.9159761207628 1198.1727210977992 1175.7518875382152 Screw 1
879.7445432133529 929.4124425723231 1307.563088095382 521.9227659128729 1380.775456786647 598.7875574276769 952.956911904618 1006.2772340871271 Screw 1
584.2905246065527 717.4520713241884 793.7200078020273 810.0819345891011 768.4374753934474 867.2439286758115 559.0079921979727 774.6140654108988 Screw 1
939.5520641147044 636.647678376655 678.8412007665676 740.6754358900662 639.9279358852956 643.152321623345 900.6387992334325 539.1245641099338 Screw 1
491.7298802306252 563.6972727206213 698.5667893865782 484.85511187496684 722.2181197693749 546.9027272793786 515.3812106134219 625.7448881250331 Screw 1
1102.0613398045782 1388.7500785665852 1067.2788541352786 1164.562265359299 1200.778660195422 1143.8499214334147 1235.5611458647215 1368.0377346407008 Screw 1
659.3718302996783 712.4490985519512 929.6300909002662 596.8559151104316 958.5841697003216 664.5509014480488 688.3259090997337 780.1440848895684 Screw 1
