1149.470974885253 1043.3440399206545 918.9889748852669 1043.343960079337 918.989025114747 898.3439600793457 1149.4710251147333 898.344039920663 Screw 1
655.9105919269491 273.6547584205572 658.760149561871 432.73023805926596 513.7834080730509 435.3272415794428 510.933850438129 276.251761940734 Screw 1
727.5399502621715 640.5868330634985 639.6973189275532 354.9028860587527 740.0600497378284 324.04316693650156 827.9026810724467 609.7271139412474 Screw 1
914.5686956357417 784.0280368725702 612.5754155812599 752.6310554422586 623.4333043642582 648.1939631274298 925.42658441874 679.5909445577414 Screw 1
587.4842645600488 82.73281295490251 1272.4838003028988 250.66061327718404 1244.7537354399512 363.7751870450975 559.7541996971013 195.84738672281594 Screw 1
873.4671934374487 943.3581151280645 903.2971331708334 708.5886317097492 971.7468065625512 717.2858848719355 941.9168668291666 952.0553682902508 Screw 1
1072.4351581523508 922.1853576976324 1064.7831918363129 784.2985156404651 1115.704841847649 781.4726423023675 1123.356808163687 919.3594843595348 Screw 1
1230.9908993254746 974.5982139731317 1512.1458541542377 1052.1892160303053 1485.8091006745256 1147.6217860268682 1204.6541458457625 1070.0307839696945 Screw 1
587.7402864998362 1398.5832047367085 310.8130786133825 871.298423753782 407.31371350016383 820.6167952632912 684.2409213866174 1347.9015762462177 Screw 1
639.9937417711224 78.95601940516076 584.24640858674 131.1778246955704 541.1762582288777 85.19998059483925 596.92359141326 32.9781753044296 Screw 1
804.2990273733801 479.6255156829117 1740.954596396048 505.0291575246327 1737.8809726266197 618.3564843170882 801.2254036039519 592.9528424753673 Screw 1
372.7105366776117 395.8077265603803 542.5269668599113 171.92521263814436 627.4214633223883 236.31827343961973 457.6050331400886 460.20078736185565 Screw 1
