655.5995193556622 187.6262970437159 682.5336023694932 900.4266089496549 562.1964806443378 904.973702956284 535.2623976305068 192.173391050345 Screw 1
473.90449795336116 1252.6044095643997 1051.058533706089 831.4047122350463 1120.9655020466387 927.1955904356006 543.8114662939108 1348.395287764954 Screw 1
108.31047146129583 424.21924553888744 1073.0759279136682 442.2000276477345 1071.0075285387043 553.1807544611125 106.24207208633186 535.1999723522655 Screw 1
1231.8110952278284 596.2431163792 582.8439606857091 1324.595048530266 497.7289047721716 1248.7568836208 1146.6960393142908 520.404951469734 Screw 1
736.9705202545628 365.3814177787084 706.1889126832936 952.1816214974259 603.9514797454373 946.8185822212916 634.7330873167065 360.01837850257414 Screw 1
902.0542664359406 591.2956509060343 979.0082016088005 1174.4954767688437 869.8097335640595 1188.9043490939657 792.8557983911995 605.7045232311564 Screw 1
1165.3765987942252 527.6117607872962 1026.8598348467199 722.0115383244919 968.1634012057748 680.1882392127037 1106.68016515328 485.78846167550813 Screw 1
1162.1069489461338 604.3778939435206 1389.1205448057053 546.77801422223 1406.2330510538663 614.2221060564793 1179.2194551942948 671.8219857777699 Screw 1
1263.7116019924488 884.6856470549131 1009.7632471357265 1007.0857684378772 969.8683980075511 924.3143529450869 1223.8167528642734 801.9142315621228 Screw 1
960.529274572835 807.3557096934362 691.1901726683761 890.1557883546275 661.2747254271651 792.8442903065638 930.613827331624 710.0442116453726 Screw 1
1057.4920184919727 807.4121168360782 780.458319452107 674.2123748682754 822.1079815080274 587.5878831639218 1099.141680547893 720.7876251317246 Screw 1
959.8166035183027 482.9970571496587 668.9725735907952 468.0862110459976 673.5293964816973 379.20294285034134 964.3734264092049 394.1137889540025 Screw 1
124.958778996236 602.7006502769234 340.4299299581918 512.7004433486609 392.55722100376397 637.4993497230766 177.08607004180817 727.4995566513392 Screw 1
662.113143109623 909.5686412521416 907.8234553790114 959.9682912556848 878.8888568903769 1101.0313587478583 633.1785446209885 1050.6317087443151 Screw 1
