465.76328189696335 1187.5020738957214 525.9338925306729 963.9512101868854 665.9507181030367 1001.6379261042784 605.780107469327 1225.1887898131145 Screw 1
1813.7691526458116 712.0873918731671 1602.192755210367 805.9962913941323 1544.9908473541886 677.120608126833 1756.5672447896332 583.2117086058678 Screw 1
1172.1805216485968 129.39414424006247 596.8195343377688 268.8736013536788 571.1394783514031 162.94185575993754 1146.5004656622311 23.462398646321205 Screw 1
534.176170730386 762.2244539035253 585.305873423277 628.6551462631226 629.1998292696139 645.4575460964747 578.0701265767229 779.0268537368775 Screw 1
1223.9658920047798 634.4984000757357 1234.8124258462078 866.712221353942 1159.8941079952203 870.2115999242643 1149.0475741537923 637.997778646058 Screw 1
353.8669305199811 1052.229389008263 379.5900295702181 916.5838430281178 425.7670694800189 925.3406109917369 400.0439704297819 1060.986156971882 Screw 1
215.40369787659114 850.2885002939 528.6241915020641 348.5889127098409 621.0843021234089 406.31349970610006 307.86380849793585 908.0130872901592 Screw 1
928.8258388150479 501.03530330888964 732.7004875507354 636.9609547527949 692.8981611849521 579.5306966911105 889.0235124492646 443.60504524720517 Screw 1
1105.7820750061207 1107.4820666623893 1122.609058357437 1032.4818350801836 1180.1779249938793 1045.3979333376108 1163.350941642563 1120.3981649198165 Screw 1
664.9429499413977 1333.5925783769248 721.0817178985435 1275.696064057462 763.4390500586023 1316.7674216230753 707.3002821014566 1374.663935942538 Screw 1
