1049.9263129535032 1320.9257777828393 1059.0244543266592 1089.9068629131816 1201.913687046497 1095.5342222171607 1192.815545673341 1326.5531370868184 Screw 1
1288.7623297335647 1132.5201110108003 1334.8576083526266 907.929649786306 1474.9376702664351 936.6798889891996 1428.8423916473732 1161.270350213694 Screw 1
1380.285389697066 207.4738206224216 1304.002821319555 795.7506113984391 1199.874610302934 782.2481793775784 1276.1571786804448 193.97138860156088 Screw 1
454.75018421382555 354.02898495080063 475.8875869069412 945.6405013434323 368.95581578617447 949.4610150491994 347.81841309305884 357.84949865656773 Screw 1
1414.3669107679495 492.10186866704345 1380.4984586068847 422.9503831572319 1438.8730892320502 394.36013133295654 1472.741541393115 463.5116168427681 Screw 1
705.4190583218267 1081.542619983092 714.6614578370175 944.4949168567659 761.5549416781732 947.6573800169081 752.3125421629825 1084.705083143234 Screw 1
980.9212292064686 337.9379290127366 1021.4441582573683 265.6960896926739 1079.8787707935317 298.4740709872634 1039.355841742632 370.7159103073261 Screw 1
777.2630494037361 247.32909560305723 966.0529412599418 392.67273936473737 923.9609505962638 447.3469043969428 735.1710587400581 302.0032606352627 Screw 1
1033.104574103142 837.1896690892839 1165.0880257761464 803.0194962849249 1179.875425896858 860.1363309107161 1047.8919742238536 894.3065037150751 Screw 1
634.2237653664832 602.0303049686888 750.7500128723392 401.13850393339516 809.2682346335167 435.08169503131137 692.7419871276608 635.973496066605 Screw 1
