1338.0494270526856 703.4168930426977 1427.6350657994863 494.8421742239306 1555.3305729473145 549.6891069573023 1465.7449342005139 758.2638257760693 Screw 1
554.1037232732689 1129.1251111082202 634.2182062647217 916.1938084986409 769.9302767267312 967.25488889178 689.8157937352784 1180.1861915013592 Screw 1
1412.7757548678362 317.9644604083287 1275.3555823870404 346.62940553906924 1264.9042451321636 296.5255395916713 1402.3244176129595 267.86059446093077 Screw 1
1274.0424252822336 182.83410825545428 716.6151364598986 398.267008614664 677.3215747177665 296.5958917445457 1234.7488635401014 81.16299138533601 Screw 1
589.490705808545 440.5781586514193 407.47482742185105 1005.1045307113261 305.637294191455 972.2698413485807 487.653172578149 407.7434692886739 Screw 1
653.8165273605834 834.0017612877501 678.1547508890933 698.9655297812529 724.4094726394167 707.30223871225 700.0712491109068 842.3384702187471 Screw 1
1101.8748914752343 661.9744645939566 1148.8250412405002 435.6367086339332 1218.3451085247655 450.0575354060433 1171.3949587594996 676.3952913660667 Screw 1
1004.3311538160672 1277.4197225344121 949.3427050539756 1045.7810982103613 1020.3688461839329 1028.920277465588 1075.3572949460245 1260.5589017896389 Screw 1
826.0671795608558 789.9145197431358 867.0130256353006 718.7554176464405 924.6448204391442 751.9174802568643 883.6989743646994 823.0765823535596 Screw 1
659.0685276802046 519.2042167863442 716.987047590281 463.078524154662 762.7194723197954 510.2717832136558 704.800952409719 566.3974758453381 Screw 1
