687.7840109361315 1116.6109196075192 683.844953794746 886.5976459952408 826.8239890638685 884.1490803924808 830.763046205254 1114.1623540047592 Screw 1
1133.9162280538521 1222.3344448772837 1169.5169998359734 994.3543643932262 1303.043771946148 1015.2055551227163 1267.4430001640267 1243.1856356067738 Screw 1
1729.9610284800442 490.15056411906056 1151.5446054193367 324.71103784236817 1181.5189715199558 219.9134358809394 1759.9353945806633 385.3529621576318 Screw 1
621.4119336133311 638.6625998972697 445.2553249639942 1195.2379412466366 341.3360663866689 1162.3474001027303 517.4926750360058 605.7720587533634 Screw 1
688.318567199433 295.4716119570915 825.0223913941996 297.70090209665585 824.2234328005669 346.69438804290854 687.5196086058003 344.4650979033442 Screw 1
337.3323231018172 457.702940582072 104.71921860604255 497.51228172002374 92.06767689818275 423.58705941792795 324.68078139395743 383.7777182799762 Screw 1
1363.7579171579064 785.8799950203869 1410.8434491844746 657.7411214114192 1453.0820828420938 673.2620049796132 1405.9965508155256 801.4008785885809 Screw 1
483.64947136949615 201.40753973799312 535.5463129241379 263.0621311311928 484.5845286305039 305.95846026200684 432.6876870758622 244.30386886880714 Screw 1
1127.148599594093 735.0271303281927 1075.9950595462242 678.4980870231705 1124.1914004059072 634.8848696718073 1175.344940453776 691.4139129768296 Screw 1
1035.8949033298147 232.25549393085754 813.3187647192153 150.52962435949604 837.7910966701852 83.8805060691425 1060.3672352807846 165.60637564050398 Screw 1
