651.0531912637539 256.99796695283413 722.8779414785208 479.7033177138482 586.7808087362462 523.596033047166 514.9560585214792 300.89068228615184 Screw 1
246.56898922800428 1209.6158152333044 320.90996394058834 995.134068973202 448.0570107719957 1039.2041847666958 373.71603605941164 1253.685931026798 Screw 1
326.7046646867938 397.7102964778576 291.75343147192706 986.6881665992739 184.94133531320617 980.3497035221424 219.89256852807299 391.371833400726 Screw 1
1553.2264514093329 125.83472102876087 976.7370820524609 280.48332723817964 949.0135485906669 177.1372789712391 1525.502917947539 22.488672761820368 Screw 1
603.3370881376605 814.4963508617122 533.972517376748 696.4284703049987 576.2209118623394 671.6076491382878 645.585482623252 789.6755296950014 Screw 1
1453.8369998042997 1126.5393539025554 1376.2145454532472 1106.656016192836 1393.2630001957002 1040.1006460974445 1470.8854545467527 1059.983983807164 Screw 1
587.0558989337 1339.4430072991465 473.0768705381055 1265.9033865359395 500.10210106629995 1224.0169927008535 614.0811294618944 1297.5566134640605 Screw 1
634.0660712000625 1091.9105537455266 708.4139893854307 866.3802608301363 777.7439287999374 889.2354462544732 703.3960106145693 1114.7657391698635 Screw 1
1127.3340416093988 745.4030558899894 1078.9823452864143 516.5255984947933 1150.405958390601 501.4369441100104 1198.7576547135855 730.3144015052067 Screw 1
836.9508289546135 1309.0519054417841 896.758281016262 1259.9222777372756 939.9391710453866 1312.4880945582158 880.1317189837381 1361.6177222627243 Screw 1
