1232.0663348444791 1080.45997636491 1212.486161486131 855.7705028859395 1346.1336651555207 844.12402363509 1365.7138385138687 1068.8134971140605 Screw 1
381.6513845378839 1251.1224857863274 638.2144033855278 328.7707447136586 745.6726154621161 358.6615142136727 489.10959661447225 1281.0132552863415 Screw 1
1199.908804173679 765.0506021341686 1071.7062435291932 807.5395070882497 1056.2911958263207 761.0273978658314 1184.4937564708066 718.5384929117503 Screw 1
1085.2464122892331 126.71613414575367 501.2246570395955 185.77195007553613 489.9435877107669 74.20986585424632 1073.9653429604045 15.154049924463855 Screw 1
730.1929714313512 122.29857868493744 854.6955888778236 176.56220227364875 835.9590285686488 219.55142131506258 711.4564111221764 165.28779772635127 Screw 1
234.68686213736947 713.6107108039268 435.52402254959014 500.24171708282415 510.2951378626305 570.6212891960731 309.4579774504098 783.9902829171758 Screw 1
122.30420916265876 702.4426273390222 679.400482941694 244.7412948551477 756.6277908373413 338.7393726609778 199.53151705830606 796.4407051448522 Screw 1
1219.3586265995864 501.22772868278804 1176.4871517931392 566.8650023370174 1125.8213734004134 533.7722713172119 1168.6928482068606 468.13499766298264 Screw 1
810.387368017323 1344.922367431655 792.5603605549048 1271.5330163159456 854.786631982677 1256.4176325683452 872.6136394450951 1329.8069836840546 Screw 1
1025.6894852482906 1323.4912855100245 900.4117214134143 1049.994373526483 993.2505147517095 1007.4687144899756 1118.5282785865857 1280.965626473517 Screw 1
337.06520908829077 41.085470473296326 563.1916035091971 135.19226658920223 536.3227909117093 199.75452952670366 310.19639649080295 105.64773341079778 Screw 1
