784.6921111404274 655.9700177248956 875.8489230779367 432.7981945070226 1010.4318888595726 487.76998227510444 919.2750769220634 710.9418054929774 Screw 1
355.63336631625265 1133.1823558749481 493.95954232683806 942.2720089413978 604.5446336837473 1022.3976441250519 466.2184576731619 1213.3079910586023 Screw 1
1148.2479017756361 597.158674809371 1078.4041233000773 719.94974465265 1035.8120982243638 695.7233251906291 1105.6558766999226 572.9322553473501 Screw 1
1113.8632511937863 888.0446677099711 1112.7204451464227 806.020628438925 1181.7167488062137 805.0593322900289 1182.8595548535773 887.0833715610751 Screw 1
1610.4035574112008 527.5160071080572 1064.8591132671158 241.1576072792393 1115.4764425887993 144.72599289194272 1661.0208867328843 431.08439272076066 Screw 1
994.1847553653116 184.28026238883695 552.5487493968136 607.8511437784725 477.42724463468846 529.5257376111631 919.0632506031865 105.9548562215275 Screw 1
278.48291835476994 824.83576723828 519.2196539411349 814.8681502602564 522.4050816452301 891.8022327617199 281.66834605886515 901.7698497397436 Screw 1
1357.694643243808 1155.2711480180283 1324.1509694257984 1019.0699167908806 1367.845356756192 1008.3088519819717 1401.3890305742016 1144.5100832091193 Screw 1
846.8647524554758 1117.9425811778697 798.3946526367679 1056.7968558070434 850.7972475445242 1015.2574188221301 899.2673473632321 1076.4031441929565 Screw 1
946.8242138882888 1238.407156015268 1173.6526517241082 1324.409144445547 1148.2557861117111 1391.3928439847323 921.4273482758917 1305.390855554453 Screw 1
