1273.0867268737811 1036.4945464243374 1048.7700278273455 1089.1459385988178 1016.0932731262188 949.9294535756627 1240.4099721726543 897.2780614011821 Screw 1
439.6370765589322 800.7291343255757 213.2362551358739 810.299278941227 207.19692344106775 667.4268656744242 433.59774486412607 657.8567210587729 Screw 1
737.2639860332597 740.5289670460681 570.5940687822965 984.875385911901 485.5040139667403 926.8350329539319 652.1739312177035 682.488614088099 Screw 1
246.1347524875236 562.9961467499694 939.657416184773 382.0352587457602 969.4072475124763 496.04985325003065 275.8845838152269 677.0107412542399 Screw 1
1307.4043303860394 1119.9338612234053 723.5092214451964 1317.6131576986838 688.8796696139606 1215.326138776595 1272.7747785548036 1017.6468423013164 Screw 1
879.9305308510139 939.3710398681785 608.7020627347448 1066.5587116147042 564.9714691489861 973.3029601318215 836.1999372652552 846.1152883852958 Screw 1
421.421077493937 519.0582350663591 369.4181804085508 452.24280881996947 420.712922506063 412.31976493364095 472.7158195914492 479.1351911800306 Screw 1
131.54380220416562 356.2513605483326 430.75643912184904 428.0481595352412 407.9881977958344 522.9346394516674 108.775560878151 451.1378404647588 Screw 1
965.6994393181762 850.4878980502132 1016.4139728950347 723.5174752735614 1061.260560681824 741.4301019497867 1010.5460271049654 868.4005247264384 Screw 1
1332.9194454403232 907.157176680912 1543.3606174941806 1102.3071526086553 1474.5005545596769 1176.5628233190878 1264.0593825058195 981.4128473913446 Screw 1
928.88319334688 976.5122456870598 763.4531343230065 811.511584866087 815.0048066531199 759.8257543129401 980.4348656769935 924.826415133913 Screw 1
707.1769731838791 723.4636593033244 1499.3737666782185 212.45101154077918 1559.5430268161208 305.7283406966755 767.3462333217814 816.7409884592207 Screw 1
