1317.9769708113247 1028.7037189272635 1398.7784428252287 816.3038963746393 1531.243029188675 866.6962810727365 1450.441557174771 1079.0961036253607 Screw 1
737.4952319603069 1033.0320217456485 945.2710295648803 932.2319521733345 1007.4347680396932 1060.3679782543516 799.6589704351197 1161.1680478266655 Screw 1
1674.8314936654606 625.1049893581992 1013.0280430626626 1309.104752739905 931.9885063345396 1230.6950106418008 1593.7919569373375 546.6952472600949 Screw 1
964.6121593622577 59.050659946788244 368.2188858115426 815.0505059735331 280.11784063774235 745.5493400532118 876.5111141884574 -10.450505973532984 Screw 1
816.931820001672 412.6117492070781 755.3687104684776 207.4117315642818 824.1101799983279 186.78825079292187 885.6732895315223 391.98826843571817 Screw 1
1126.3343731488167 417.7460191031189 872.3865829349169 273.7460878480065 922.5656268511833 185.25398089688107 1176.513417065083 329.2539121519935 Screw 1
1242.6690149459196 198.8229026676453 1535.0937506819241 706.422760014678 1441.0909850540806 760.5770973323547 1148.666249318076 252.97723998532197 Screw 1
657.2958059256315 457.43705848153286 1357.5765356458187 482.6370255164785 1353.1241940743685 606.3629415184672 652.8434643541815 581.1629744835215 Screw 1
1131.3112084609359 929.9588979421519 638.8062241548653 623.9591086306602 690.5727915390642 540.641102057848 1183.0777758451347 846.6408913693397 Screw 1
535.675298430506 735.803092177357 1212.8695094229618 962.6030469707944 1174.624701569494 1076.7969078226429 497.43049057703814 849.9969530292055 Screw 1
1338.7087230084123 1308.302051646478 1188.6485373403705 1059.9019229402456 1268.1112769915878 1011.8979483535218 1418.1714626596297 1260.2980770597542 Screw 1
411.9995283022474 732.3612666921855 550.5165763927929 458.7610785630808 640.3444716977527 504.2387333078144 501.82742360720715 777.8389214369191 Screw 1
820.8304042681101 1400.1402541912232 816.982638731827 1101.3400277432204 916.4035957318898 1100.0597458087766 920.2513612681729 1398.8599722567794 Screw 1
769.9665615809287 1267.0461385843007 800.7480816185576 1072.646041598283 859.5314384190714 1081.9538614156993 828.7499183814424 1276.353958401717 Screw 1
