326.0758790052164 593.0397672021447 405.7474564191032 380.48050545995886 534.0321209947836 428.5642327978553 454.3605435808968 641.1234945400411 Screw 1
807.9110587248327 842.2521417718749 1014.3124509759581 752.6783438352177 1068.8529412751673 878.3538582281251 862.4515490240418 967.9276561647823 Screw 1
819.1267367836608 102.69856875281272 1111.7944890843692 116.64800470023357 1107.1352632163391 214.4014312471873 814.4675109156308 200.45199529976645 Screw 1
798.7232909874472 481.90132821682937 719.0373333813659 760.9204651687628 628.5807090125529 735.0866717831707 708.2666666186342 456.06753483123725 Screw 1
1301.8600223706437 654.1093127787893 1053.5077981188413 820.4995121000908 999.1399776293563 739.3506872212107 1247.4922018811587 572.9604878999093 Screw 1
1535.077249790157 650.513376947633 862.8844512035602 431.57887479614817 898.7827502098429 321.36062305236703 1570.9755487964399 540.2951252038519 Screw 1
426.6627829424129 1100.2784522909892 1311.301030100096 744.4476468991826 1351.9772170575873 845.5735477090108 467.33896989990404 1201.4043531008174 Screw 1
966.886677051423 326.78263761345244 722.8442790377244 866.2440475472156 621.7113229485769 820.4933623865477 865.7537209622756 281.03195245278454 Screw 1
493.7565404084466 220.89855648040532 698.3100498383175 779.2026440428408 600.4814595915535 815.0454435195945 395.9279501616827 256.7413559571591 Screw 1
1730.6702218792034 578.9684650344948 995.2301779095125 1187.689948248172 925.7297781207968 1103.7215349655053 1661.1698220904877 495.00005175182804 Screw 1
858.5227935025566 1070.047499638433 1094.2644557087206 924.6003659428018 1145.1972064974436 1007.1525003615668 909.4555442912795 1152.599634057198 Screw 1
1232.1554591132312 1283.6811007179633 1507.0395116743966 655.6532898301407 1616.0645408867686 703.3728992820368 1341.1804883256032 1331.4007101698594 Screw 1
1457.1573922373318 714.5427697353582 1267.7817827239978 837.4870383185389 1226.6026077626684 774.0572302646417 1415.9782172760024 651.112961681461 Screw 1
287.0951821154181 579.3679467242716 407.75564677209934 388.64386791450573 465.24481788458195 425.0140532757283 344.5843532279007 615.7381320854942 Screw 1
