1144.8438586124519 1326.047570447355 1009.7948078781594 1140.5495507900916 1119.236141387548 1060.8724295526451 1254.2851921218405 1246.3704492099084 Screw 1
558.1223045810948 275.83777406734924 765.6673408678346 389.7275695397088 696.0056954189051 516.6742259326508 488.46065913216535 402.78443046029116 Screw 1
333.5698108828468 1070.6415366537512 357.94691086843284 937.2872900311081 406.14818911715315 946.0984633462488 381.7710891315671 1079.452709968892 Screw 1
376.86486715648834 510.8668770144054 222.5680015241392 1085.1613852390904 117.30113284351165 1056.8791229855947 271.5979984758608 482.58461476090974 Screw 1
468.0605316586082 753.4800159780531 468.3519662695224 677.8876777665811 535.3514683413919 678.1459840219469 535.0600337304777 753.7383222334189 Screw 1
1427.0172186001482 960.4257349920395 1479.045147871023 729.9256005521984 1548.302781399852 745.5582650079605 1496.2748521289773 976.0583994478015 Screw 1
1060.1900484351513 763.8135335825722 1065.3464672982286 683.1616013052331 1132.2099515648488 687.4364664174278 1127.0535327017715 768.0883986947669 Screw 1
653.6075894223177 1384.9322044531457 673.3577387450011 1250.2485938031052 719.8604105776824 1257.0677955468543 700.1102612549989 1391.7514061968948 Screw 1
1353.5474317124151 153.4702958630419 907.7266753587826 554.4795039534237 834.832568287585 473.4397041369581 1280.6533246412175 72.43049604657634 Screw 1
1247.7151404148133 446.509454786206 1475.0983740635927 371.06670669585174 1496.8648595851867 436.67054521379396 1269.4816259364072 512.1132933041482 Screw 1
