568.948994647372 1294.8207649609105 624.1400543796346 1072.0682361994398 762.943005352628 1106.4592350390897 707.7519456203654 1329.2117638005604 Screw 1
481.5362624020409 521.2850630522374 698.355091127254 426.0883471465578 756.647737597959 558.8549369477627 539.828908872746 654.0516528534423 Screw 1
830.1044558986594 173.90669977141573 876.1392871466157 305.760522594162 827.9895441013407 322.5713002285843 781.9547128533843 190.71747740583794 Screw 1
894.3491296095693 833.6296483491188 930.0817449171376 900.5752488638751 872.7388703904306 931.1823516508811 837.0062550828624 864.2367511361248 Screw 1
1584.4049965634438 804.4318675715793 1616.7633780777362 938.3016205808962 1569.1350034365562 949.8141324284207 1536.7766219222638 815.9443794191039 Screw 1
241.0788524114027 1123.0653745850113 675.3784151228322 698.6705722256268 750.1611475885974 775.1986254149886 315.86158487716796 1199.5934277743731 Screw 1
1574.5543087664028 479.5644962388322 1159.435032383155 62.32562341050999 1236.7056912335975 -14.552496238832163 1651.8249676168452 402.68637658949 Screw 1
1564.5885838296958 609.9013180679327 1334.3417453138627 663.7855307601857 1317.2514161703043 590.7586819320674 1547.4982546861374 536.8744692398144 Screw 1
1372.867028612375 1144.3044821440053 1221.4253632672578 967.4577540473351 1276.8729713876248 919.9755178559949 1428.314636732742 1096.822245952665 Screw 1
1287.7615001862146 351.9808754087054 1327.7543249229316 424.3645811539783 1270.8784998137853 455.7891245912946 1230.8856750770683 383.4054188460217 Screw 1
