718.6183340188259 948.1887075882296 823.1502082431834 746.6891113823237 937.6676659811742 806.0972924117705 833.1357917568166 1007.5968886176763 Screw 1
680.5066692421892 597.7709981517473 776.5859141406677 1178.5878735950648 669.0473307578109 1196.3770018482526 572.9680858593324 615.5601264049351 Screw 1
815.0259097691592 661.5791429292982 810.2807501644729 719.3648423052342 747.4920902308409 714.2088570707018 752.2372498355271 656.4231576947658 Screw 1
1356.8814522758994 1338.7277504289739 1156.1840879484052 1109.5021479060508 1233.6785477241006 1041.6522495710262 1434.3759120515947 1270.8778520939493 Screw 1
1154.9052686983023 752.4083155169527 1120.0802469399887 477.60617240388854 1218.2947313016975 465.1596844830473 1253.1197530600111 739.9618275961114 Screw 1
873.3834730566347 735.083546448648 1006.720870304052 760.4347904276802 997.5685269433653 808.5724535513519 864.231129695948 783.2212095723197 Screw 1
1365.6042950606611 505.1283602380431 662.0123860792693 574.3414930953322 650.5557049393389 457.87763976195686 1354.1476139207307 388.66450690466775 Screw 1
1017.9913899811025 1295.5403308993245 1210.6735478562691 1179.608872974526 1248.3086100188975 1242.1596691006753 1055.626452143731 1358.0911270254737 Screw 1
1044.2875717616942 908.8925734536723 1146.1200337541038 817.2905506344983 1177.552428238306 852.2334265463277 1075.7199662458963 943.8354493655016 Screw 1
1794.7556950298454 562.4902256999336 1087.1502980896066 1208.4645192364856 1010.9643049701544 1125.0097743000665 1718.5697019103932 479.03548076351456 Screw 1
1112.5211179415753 1030.3182100759545 1071.2488660354736 972.3951373708634 1119.2988820584249 938.1577899240457 1160.5711339645266 996.0808626291367 Screw 1
