1021.687284683576 938.8687257577253 830.4418245451385 807.0474467416373 909.6827153164239 692.0852742422746 1100.9281754548613 823.9065532583627 Screw 1
831.922761099253 1205.0313552371433 838.167551822432 977.0208559069071 975.0072389007471 980.7686447628568 968.7624481775681 1208.779144093093 Screw 1
1442.3359033250401 307.4288511408427 1739.8843221955428 387.23089700223653 1712.8240966749597 488.12714885915733 1415.275677804457 408.3251029977635 Screw 1
1444.7950430672431 443.80585445776484 743.2260715852849 413.22851842684946 748.3049569327568 296.6981455422352 1449.873928414715 327.27548157315056 Screw 1
1599.5855691224526 967.1881037468336 1465.2536181683774 714.249042781802 1554.4544308775473 666.8758962531665 1688.7863818316225 919.8149572181981 Screw 1
1444.015620128885 1141.9701288638505 1357.1786837154787 1037.0711576661595 1396.464379871115 1004.5498711361495 1483.3013162845214 1109.4488423338405 Screw 1
613.8210994058779 610.9433921854862 734.3552313210851 326.1307891155949 830.0909005941221 366.6466078145138 709.556768678915 651.4592108844051 Screw 1
1135.7245914657215 975.0700802718054 1379.4118546791683 1141.7139678631008 1325.0354085342788 1221.2299197281948 1081.348145320832 1054.5860321368993 Screw 1
730.3962425600507 929.1842848226913 917.4885712453706 776.4986119810517 962.3797574399493 831.5057151773087 775.2874287546294 984.1913880189484 Screw 1
772.1070563089664 466.81585085856204 1587.382870290929 949.0415276542383 1530.8729436910335 1044.580149141438 715.5971297090708 562.3544723457617 Screw 1
1453.2984931865724 923.8862830553414 995.9581163529207 548.0610813755532 1065.1615068134276 463.8477169446585 1522.5018836470792 839.6729186244468 Screw 1
1345.3324093778551 994.1315965142653 1391.0973132268614 933.0028093539495 1438.3275906221447 968.3624034857346 1392.5626867731385 1029.4911906460504 Screw 1
