997.3337430511804 422.033939870406 958.9628992527762 193.94595203413598 1091.3062569488195 171.682060129594 1129.6771007472237 399.770047965864 Screw 1
772.9164011838809 1234.197476946394 774.2741015177953 1004.7164932575419 917.2715988161192 1005.562523053606 915.9138984822048 1235.0435067424582 Screw 1
1161.800360963567 1019.546903600385 1098.5459794918602 898.7942319378839 1140.179639036433 876.9850963996149 1203.4340205081398 997.7377680621161 Screw 1
908.4569232614259 576.2421321291356 780.4994655461061 627.8693479656704 761.4170767385741 580.5738678708644 889.374534453894 528.9466520343296 Screw 1
267.7328959328943 619.0187818092013 448.31627398002115 1182.1129165123505 344.5231040671057 1215.3992181907986 163.93972601997882 652.3050834876494 Screw 1
1849.3250033567952 113.98898825919349 1408.8777070439642 526.2132073083869 1334.3949966432046 446.63101174080657 1774.8422929560356 34.40679269161305 Screw 1
455.35788753513066 495.08968573089004 603.374935419429 308.80592788921086 659.2541124648694 353.20631426911 511.2370645805711 539.4900721107891 Screw 1
1821.7051864296652 641.7591885404665 1818.989731650796 871.8781676150834 1745.9948135703346 871.0168114595335 1748.7102683492037 640.8978323849167 Screw 1
532.7668254728306 734.3935214612892 582.8015081654515 792.8698403633776 533.4131745271694 835.1284785387107 483.37849183454847 776.6521596366223 Screw 1
1377.0350553075768 795.5745706823698 1333.9516633815783 730.6487412755703 1391.4449446924232 692.4974293176301 1434.5283366184217 757.4232587244296 Screw 1
