1286.9212840238135 799.714037797392 1337.7592837598856 1021.5021109276555 1208.8787159761866 1051.043962202608 1158.0407162401145 829.2558890723445 Screw 1
1565.9287427303675 1165.409106016201 1554.4052573835306 861.5745521970849 1657.3312572696327 857.6708939837991 1668.8547426164696 1161.5054478029151 Screw 1
1276.1089866213629 931.3548520701584 1299.5201966981817 702.680122065422 1370.1510133786373 709.9111479298417 1346.7398033018185 938.5858779345781 Screw 1
1114.9257410975272 764.7367945096876 1090.1357831486737 898.6617659858618 1041.954258902473 889.7432054903124 1066.7442168513264 755.8182340141382 Screw 1
995.0571946120787 1202.6415663511923 950.8238714470887 1071.3453960689578 993.4688053879214 1056.9784336488076 1037.7021285529113 1188.274603931042 Screw 1
1154.1138950188176 806.7075014229681 1146.522751983851 730.0826063338218 1211.2061049811825 723.674498577032 1218.797248016149 800.2993936661783 Screw 1
1610.7372996737358 429.46002381861337 1839.8306022075271 1089.7829697769987 1734.962700326264 1126.1659761813867 1505.8693977924727 465.84303022300134 Screw 1
1331.3646566834998 327.7300060761261 962.4187230881555 789.8678158119881 877.2353433165001 721.861993923874 1246.1812769118444 259.724184188012 Screw 1
522.7362918571745 981.0723360410376 633.8475576316551 713.4070556272478 727.1297081428255 752.1296639589624 616.0184423683448 1019.7949443727522 Screw 1
1139.2136967383794 1239.5105578850248 602.4100240593974 451.61764549251166 695.7063032616207 388.05344211497527 1232.5099759406025 1175.9463545074884 Screw 1
781.3456931414315 891.085668712268 853.8615598230664 864.6038054958826 874.8863068585684 922.176331287732 802.3704401769336 948.6581945041173 Screw 1
