1364.1290665432557 811.9336466386477 1352.6300014119147 582.372468949333 1495.4509334567442 575.2183533613523 1506.9499985880852 804.7795310506671 Screw 1
360.7846805452596 1360.4518936910608 453.1222895396824 1147.8917175874617 584.2813194547404 1204.8681063089393 491.9437104603176 1417.4282824125385 Screw 1
350.5116126209028 133.07929469017847 208.3110056721386 712.1108547561244 102.45638737909725 686.1147053098215 244.6569943278614 107.0831452438756 Screw 1
475.3893601293365 919.5389378104336 431.39151259490234 788.8155716766904 474.0406398706634 774.4610621895664 518.0384874050976 905.1844283233096 Screw 1
1601.8795283940042 382.30319313498507 1063.602658556618 88.03522538778736 1116.000471605996 -7.8111931349850465 1654.277341443382 286.45677461221266 Screw 1
1128.5151162308182 1174.2018648526266 998.5378003540789 1223.6457062636484 980.4048837691819 1175.9781351473732 1110.3821996459212 1126.5342937363514 Screw 1
824.9687916633442 1276.4383637824276 868.055780403091 1210.876655913955 921.1372083366558 1245.7616362175722 878.050219596909 1311.323344086045 Screw 1
189.60716909500076 1173.39180677037 389.1848381618278 1031.4750850958187 431.7028309049992 1091.2681932296298 232.12516183817212 1233.1849149041811 Screw 1
829.9731369835557 372.18951102971505 622.5200065210903 483.8632763567754 589.8948630164442 423.256488970285 797.3479934789096 311.58272364322465 Screw 1
577.2411894844689 620.0667761271641 641.8049151625067 575.3586554220722 679.5668105155311 629.891223872836 615.0030848374932 674.5993445779279 Screw 1
